WC	2006	1	0.3545	0.10635
WC	2006	2	0.3588	0.10764
WC	2006	3	0.3586	0.10758
WC	2006	4	0.3573	0.10719
WC	2006	5	0.3533	0.10599
WC	2006	6	0.3506	0.10518
WC	2006	7	0.3488	0.10464
WC	2006	8	0.3472	0.10416
WC	2006	9	0.3455	0.10365
WC	2006	10	0.3446	0.10338
WC	2006	11	0.3436	0.10308
WC	2006	12	0.343	0.1029
WC	2006	13	0.3427	0.10281
WC	2006	14	0.342	0.1026
WC	2006	15	0.3415	0.10245
WC	2006	16	0.3407	0.10221
WC	2006	17	0.3397	0.10191
WC	2006	18	0.3385	0.10155
WC	2006	19	0.338	0.1014
WC	2006	20	0.3388	0.10164
WC	2006	21	0.3717	0.11151
WC	2006	22	0.3647	0.10941
WC	2006	23	0.3566	0.10698
WC	2006	24	0.3509	0.10527
WC	2006	25	0.3472	0.10416
WC	2006	26	0.3444	0.10332
WC	2006	27	0.342	0.1026
WC	2006	28	0.3399	0.10197
WC	2006	29	0.3378	0.10134
WC	2006	30	0.3361	0.10083
WC	2006	31	0.3342	0.10026
WC	2006	32	0.3321	0.09963
WC	2006	33	0.33	0.099
WC	2006	34	0.3278	0.09834
WC	2006	35	0.3259	0.09777
WC	2006	36	0.3243	0.09729
WC	2006	37	0.3226	0.09678
WC	2006	38	0.3285	0.09855
WC	2006	39	0.3704	0.11112
WC	2006	40	0.359	0.1077
WC	2006	41	0.3544	0.10632
WC	2006	42	0.3529	0.10587
WC	2006	43	0.3528	0.10584
WC	2006	44	0.353	0.1059
WC	2006	45	0.353	0.1059
WC	2006	46	0.3533	0.10599
WC	2006	47	0.3661	0.10983
WC	2006	48	0.3703	0.11109
WC	2006	49	0.3708	0.11124
WC	2006	50	0.3718	0.11154
WC	2006	51	0.3646	0.10938
WC	2006	52	0.3606	0.10818
WC	2006	53	0.3588	0.10764
WC	2006	54	0.3577	0.10731
WC	2006	55	0.3558	0.10674
WC	2006	56	0.3537	0.10611
WC	2006	57	0.3512	0.10536
WC	2006	58	0.349	0.1047
WC	2006	59	0.3472	0.10416
WC	2006	60	0.3462	0.10386
WC	2006	61	0.3461	0.10383
WC	2006	62	0.3461	0.10383
WC	2006	63	0.3461	0.10383
WC	2006	64	0.3461	0.10383
WC	2006	65	0.3464	0.10392
WC	2006	66	0.3469	0.10407
WC	2006	67	0.3479	0.10437
WC	2006	68	0.3532	0.10596
WC	2006	69	0.3715	0.11145
WC	2006	70	0.3637	0.10911
WC	2006	71	0.3595	0.10785
WC	2006	72	0.3575	0.10725
WC	2006	73	0.3562	0.10686
WC	2006	74	0.3544	0.10632
WC	2006	75	0.3526	0.10578
WC	2006	76	0.3514	0.10542
WC	2006	77	0.3507	0.10521
WC	2006	78	0.3505	0.10515
WC	2006	79	0.3507	0.10521
WC	2006	80	0.3517	0.10551
WC	2006	81	0.3532	0.10596
WC	2006	82	0.3534	0.10602
WC	2006	83	0.3527	0.10581
WC	2006	84	0.3705	0.11115
WC	2006	85	0.4523	0.13569
WC	2006	86	0.5577	0.16731
WC	2006	87	0.5732	0.17196
WC	2006	88	0.571	0.1713
WC	2006	89	0.5273	0.15819
WC	2006	90	0.5255	0.15765
WC	2006	91	0.4013	0.12039
WC	2006	92	0.3832	0.11496
WC	2006	93	0.366	0.1098
WC	2006	94	0.3579	0.10737
WC	2006	95	0.3529	0.10587
WC	2006	96	0.3497	0.10491
WC	2006	97	0.347	0.1041
WC	2006	98	0.3457	0.10371
WC	2006	99	0.3445	0.10335
WC	2006	100	0.3429	0.10287
WC	2006	101	0.3408	0.10224
WC	2006	102	0.3399	0.10197
WC	2006	103	0.3412	0.10236
WC	2006	104	0.3586	0.10758
WC	2006	105	0.3552	0.10656
WC	2006	106	0.3609	0.10827
WC	2006	107	0.3602	0.10806
WC	2006	108	0.3534	0.10602
WC	2006	109	0.3477	0.10431
WC	2006	110	0.3447	0.10341
WC	2006	111	0.3419	0.10257
WC	2006	112	0.3396	0.10188
WC	2006	113	0.3448	0.10344
WC	2006	114	0.3476	0.10428
WC	2006	115	0.3453	0.10359
WC	2006	116	0.3527	0.10581
WC	2006	117	0.3532	0.10596
WC	2006	118	0.3569	0.10707
WC	2006	119	0.3628	0.10884
WC	2006	120	0.3597	0.10791
WC	2006	121	0.3566	0.10698
WC	2006	122	0.3493	0.10479
WC	2006	123	0.3463	0.10389
WC	2006	124	0.3436	0.10308
WC	2006	125	0.3425	0.10275
WC	2006	126	0.3404	0.10212
WC	2006	127	0.3363	0.10089
WC	2006	128	0.3335	0.10005
WC	2006	129	0.3309	0.09927
WC	2006	130	0.328	0.0984
WC	2006	131	0.3248	0.09744
WC	2006	132	0.3209	0.09627
WC	2006	133	0.3159	0.09477
WC	2006	134	0.3134	0.09402
WC	2006	135	0.312	0.0936
WC	2006	136	0.3087	0.09261
WC	2006	137	0.3055	0.09165
WC	2006	138	0.3062	0.09186
WC	2006	139	0.3271	0.09813
WC	2006	140	0.3425	0.10275
WC	2006	141	0.3516	0.10548
WC	2006	142	0.3483	0.10449
WC	2006	143	0.3499	0.10497
WC	2006	144	0.3432	0.10296
WC	2006	145	0.341	0.1023
WC	2006	146	0.3516	0.10548
WC	2006	147	0.3618	0.10854
WC	2006	148	0.3639	0.10917
WC	2006	149	0.354	0.1062
WC	2006	150	0.3525	0.10575
WC	2006	151	0.3595	0.10785
WC	2006	152	0.3647	0.10941
WC	2006	153	0.3592	0.10776
WC	2006	154	0.3519	0.10557
WC	2006	155	0.3466	0.10398
WC	2006	156	0.342	0.1026
WC	2006	157	0.3391	0.10173
WC	2006	158	0.3353	0.10059
WC	2006	159	0.3307	0.09921
WC	2006	160	0.325	0.0975
WC	2006	161	0.318	0.0954
WC	2006	162	0.3107	0.09321
WC	2006	163	0.3043	0.09129
WC	2006	164	0.2955	0.08865
WC	2006	165	0.2847	0.08541
WC	2006	166	0.2771	0.08313
WC	2006	167	0.2729	0.08187
WC	2006	168	0.2657	0.07971
WC	2006	169	0.2567	0.07701
WC	2006	170	0.2599	0.07797
WC	2006	171	0.2562	0.07686
WC	2006	172	0.2821	0.08463
WC	2006	173	0.268	0.0804
WC	2006	174	0.2564	0.07692
WC	2006	175	0.2493	0.07479
WC	2006	176	0.2744	0.08232
WC	2006	177	0.3269	0.09807
WC	2006	178	0.3033	0.09099
WC	2006	179	0.2873	0.08619
WC	2006	180	0.2756	0.08268
WC	2006	181	0.2634	0.07902
WC	2006	182	0.2522	0.07566
WC	2006	183	0.2448	0.07344
WC	2006	184	0.2378	0.07134
WC	2006	185	0.2321	0.06963
WC	2006	186	0.2276	0.06828
WC	2006	187	0.2241	0.06723
WC	2006	188	0.24	0.072
WC	2006	189	0.2534	0.07602
WC	2006	190	0.2337	0.07011
WC	2006	191	0.2221	0.06663
WC	2006	192	0.2158	0.06474
WC	2006	193	0.2128	0.06384
WC	2006	194	0.2105	0.06315
WC	2006	195	0.2086	0.06258
WC	2006	196	0.2058	0.06174
WC	2006	197	0.2037	0.06111
WC	2006	198	0.2015	0.06045
WC	2006	199	0.1986	0.05958
WC	2006	200	0.1968	0.05904
WC	2006	201	0.1947	0.05841
WC	2006	202	0.1923	0.05769
WC	2006	203	0.1906	0.05718
WC	2006	204	0.1893	0.05679
WC	2006	205	0.1878	0.05634
WC	2006	206	0.1868	0.05604
WC	2006	207	0.1857	0.05571
WC	2006	208	0.1879	0.05637
WC	2006	209	0.1879	0.05637
WC	2006	210	0.1873	0.05619
WC	2006	211	0.1924	0.05772
WC	2006	212	0.2109	0.06327
WC	2006	213	0.2083	0.06249
WC	2006	214	0.2693	0.08079
WC	2006	215	0.2652	0.07956
WC	2006	216	0.2506	0.07518
WC	2006	217	0.2436	0.07308
WC	2006	218	0.2537	0.07611
WC	2006	219	0.2718	0.08154
WC	2006	220	0.239	0.0717
WC	2006	221	0.2217	0.06651
WC	2006	222	0.2108	0.06324
WC	2006	223	0.205	0.0615
WC	2006	224	0.2025	0.06075
WC	2006	225	0.1999	0.05997
WC	2006	226	0.197	0.0591
WC	2006	227	0.267	0.0801
WC	2006	228	0.2376	0.07128
WC	2006	229	0.2205	0.06615
WC	2006	230	0.233	0.0699
WC	2006	231	0.2269	0.06807
WC	2006	232	0.2592	0.07776
WC	2006	233	0.2263	0.06789
WC	2006	234	0.2654	0.07962
WC	2006	235	0.2393	0.07179
WC	2006	236	0.2415	0.07245
WC	2006	237	0.2781	0.08343
WC	2006	238	0.3109	0.09327
WC	2006	239	0.2909	0.08727
WC	2006	240	0.2733	0.08199
WC	2006	241	0.2833	0.08499
WC	2006	242	0.3137	0.09411
WC	2006	243	0.3035	0.09105
WC	2006	244	0.2791	0.08373
WC	2006	245	0.2594	0.07782
WC	2006	246	0.2602	0.07806
WC	2006	247	0.3113	0.09339
WC	2006	248	0.286	0.0858
WC	2006	249	0.2685	0.08055
WC	2006	250	0.2514	0.07542
WC	2006	251	0.2384	0.07152
WC	2006	252	0.2291	0.06873
WC	2006	253	0.2225	0.06675
WC	2006	254	0.2169	0.06507
WC	2006	255	0.2119	0.06357
WC	2006	256	0.2073	0.06219
WC	2006	257	0.2031	0.06093
WC	2006	258	0.1999	0.05997
WC	2006	259	0.1978	0.05934
WC	2006	260	0.1957	0.05871
WC	2006	261	0.1947	0.05841
WC	2006	262	0.1935	0.05805
WC	2006	263	0.1912	0.05736
WC	2006	264	0.1892	0.05676
WC	2006	265	0.1878	0.05634
WC	2006	266	0.1866	0.05598
WC	2006	267	0.1847	0.05541
WC	2006	268	0.1838	0.05514
WC	2006	269	0.1839	0.05517
WC	2006	270	0.1838	0.05514
WC	2006	271	0.1832	0.05496
WC	2006	272	0.1826	0.05478
WC	2006	273	0.1821	0.05463
WC	2006	274	0.1823	0.05469
WC	2006	275	0.2019	0.06057
WC	2006	276	0.2572	0.07716
WC	2006	277	0.3139	0.09417
WC	2006	278	0.2797	0.08391
WC	2006	279	0.2541	0.07623
WC	2006	280	0.2653	0.07959
WC	2006	281	0.2308	0.06924
WC	2006	282	0.2069	0.06207
WC	2006	283	0.1969	0.05907
WC	2006	284	0.1917	0.05751
WC	2006	285	0.1892	0.05676
WC	2006	286	0.1882	0.05646
WC	2006	287	0.1868	0.05604
WC	2006	288	0.1854	0.05562
WC	2006	289	0.1836	0.05508
WC	2006	290	0.1827	0.05481
WC	2006	291	0.1809	0.05427
WC	2006	292	0.1809	0.05427
WC	2006	293	0.1802	0.05406
WC	2006	294	0.1802	0.05406
WC	2006	295	0.1801	0.05403
WC	2006	296	0.182	0.0546
WC	2006	297	0.2828	0.08484
WC	2006	298	0.2542	0.07626
WC	2006	299	0.2265	0.06795
WC	2006	300	0.206	0.0618
WC	2006	301	0.2317	0.06951
WC	2006	302	0.2924	0.08772
WC	2006	303	0.293	0.0879
WC	2006	304	0.2654	0.07962
WC	2006	305	0.2814	0.08442
WC	2006	306	0.2918	0.08754
WC	2006	307	0.2939	0.08817
WC	2006	308	0.274	0.0822
WC	2006	309	0.3301	0.09903
WC	2006	310	0.3106	0.09318
WC	2006	311	0.2976	0.08928
WC	2006	312	0.2876	0.08628
WC	2006	313	0.315	0.0945
WC	2006	314	0.3133	0.09399
WC	2006	315	0.3202	0.09606
WC	2006	316	0.3469	0.10407
WC	2006	317	0.3489	0.10467
WC	2006	318	0.3434	0.10302
WC	2006	319	0.3353	0.10059
WC	2006	320	0.3297	0.09891
WC	2006	321	0.3249	0.09747
WC	2006	322	0.322	0.0966
WC	2006	323	0.3358	0.10074
WC	2006	324	0.3487	0.10461
WC	2006	325	0.3453	0.10359
WC	2006	326	0.3478	0.10434
WC	2006	327	0.3467	0.10401
WC	2006	328	0.3551	0.10653
WC	2006	329	0.3468	0.10404
WC	2006	330	0.3419	0.10257
WC	2006	331	0.3383	0.10149
WC	2006	332	0.3357	0.10071
WC	2006	333	0.3342	0.10026
WC	2006	334	0.3333	0.09999
WC	2006	335	0.332	0.0996
WC	2006	336	0.3293	0.09879
WC	2006	337	0.329	0.0987
WC	2006	338	0.3509	0.10527
WC	2006	339	0.3503	0.10509
WC	2006	340	0.3531	0.10593
WC	2006	341	0.3465	0.10395
WC	2006	342	0.3426	0.10278
WC	2006	343	0.3409	0.10227
WC	2006	344	0.3382	0.10146
WC	2006	345	0.3377	0.10131
WC	2006	346	0.3618	0.10854
WC	2006	347	0.3505	0.10515
WC	2006	348	0.3469	0.10407
WC	2006	349	0.3439	0.10317
WC	2006	350	0.3431	0.10293
WC	2006	351	0.3526	0.10578
WC	2006	352	0.3498	0.10494
WC	2006	353	0.3462	0.10386
WC	2006	354	0.3445	0.10335
WC	2006	355	0.3435	0.10305
WC	2006	356	0.3428	0.10284
WC	2006	357	0.342	0.1026
WC	2006	358	0.341	0.1023
WC	2006	359	0.3406	0.10218
WC	2006	360	0.3412	0.10236
WC	2006	361	0.3408	0.10224
WC	2006	362	0.3398	0.10194
WC	2006	363	0.3393	0.10179
WC	2006	364	0.347	0.1041
WC	2006	365	0.3912	0.11736
WC	2007	1	0.3942	0.11826
WC	2007	2	0.3879	0.11637
WC	2007	3	0.3881	0.11643
WC	2007	4	0.3855	0.11565
WC	2007	5	0.3876	0.11628
WC	2007	6	0.39	0.117
WC	2007	7	0.3956	0.11868
WC	2007	8	0.3863	0.11589
WC	2007	9	0.3859	0.11577
WC	2007	10	0.3832	0.11496
WC	2007	11	0.3891	0.11673
WC	2007	12	0.3924	0.11772
WC	2007	13	0.3853	0.11559
WC	2007	14	0.3933	0.11799
WC	2007	15	0.3914	0.11742
WC	2007	16	0.388	0.1164
WC	2007	17	0.3865	0.11595
WC	2007	18	0.4132	0.12396
WC	2007	19	0.4036	0.12108
WC	2007	20	0.3975	0.11925
WC	2007	21	0.3972	0.11916
WC	2007	22	0.3955	0.11865
WC	2007	23	0.3923	0.11769
WC	2007	24	0.388	0.1164
WC	2007	25	0.3844	0.11532
WC	2007	26	0.3818	0.11454
WC	2007	27	0.3796	0.11388
WC	2007	28	0.3783	0.11349
WC	2007	29	0.413	0.1239
WC	2007	30	0.4066	0.12198
WC	2007	31	0.4036	0.12108
WC	2007	32	0.402	0.1206
WC	2007	33	0.3965	0.11895
WC	2007	34	0.3937	0.11811
WC	2007	35	0.391	0.1173
WC	2007	36	0.3891	0.11673
WC	2007	37	0.3886	0.11658
WC	2007	38	0.3886	0.11658
WC	2007	39	0.3878	0.11634
WC	2007	40	0.3902	0.11706
WC	2007	41	0.398	0.1194
WC	2007	42	0.3992	0.11976
WC	2007	43	0.4129	0.12387
WC	2007	44	0.4061	0.12183
WC	2007	45	0.405	0.1215
WC	2007	46	0.4037	0.12111
WC	2007	47	0.3965	0.11895
WC	2007	48	0.3931	0.11793
WC	2007	49	0.3914	0.11742
WC	2007	50	0.3901	0.11703
WC	2007	51	0.3891	0.11673
WC	2007	52	0.3886	0.11658
WC	2007	53	0.3988	0.11964
WC	2007	54	0.3955	0.11865
WC	2007	55	0.3931	0.11793
WC	2007	56	0.3932	0.11796
WC	2007	57	0.4026	0.12078
WC	2007	58	0.4085	0.12255
WC	2007	59	0.4063	0.12189
WC	2007	60	0.4049	0.12147
WC	2007	61	0.3985	0.11955
WC	2007	62	0.4039	0.12117
WC	2007	63	0.4022	0.12066
WC	2007	64	0.3959	0.11877
WC	2007	65	0.3943	0.11829
WC	2007	66	0.3933	0.11799
WC	2007	67	0.3936	0.11808
WC	2007	68	0.3921	0.11763
WC	2007	69	0.4006	0.12018
WC	2007	70	0.3956	0.11868
WC	2007	71	0.3928	0.11784
WC	2007	72	0.3912	0.11736
WC	2007	73	0.3898	0.11694
WC	2007	74	0.3883	0.11649
WC	2007	75	0.3871	0.11613
WC	2007	76	0.3884	0.11652
WC	2007	77	0.4019	0.12057
WC	2007	78	0.4024	0.12072
WC	2007	79	0.3992	0.11976
WC	2007	80	0.3986	0.11958
WC	2007	81	0.4003	0.12009
WC	2007	82	0.4057	0.12171
WC	2007	83	0.4186	0.12558
WC	2007	84	0.4167	0.12501
WC	2007	85	0.4057	0.12171
WC	2007	86	0.3992	0.11976
WC	2007	87	0.3962	0.11886
WC	2007	88	0.3941	0.11823
WC	2007	89	0.3927	0.11781
WC	2007	90	0.3926	0.11778
WC	2007	91	0.3917	0.11751
WC	2007	92	0.39	0.117
WC	2007	93	0.3883	0.11649
WC	2007	94	0.388	0.1164
WC	2007	95	0.388	0.1164
WC	2007	96	0.3872	0.11616
WC	2007	97	0.3855	0.11565
WC	2007	98	0.3838	0.11514
WC	2007	99	0.3823	0.11469
WC	2007	100	0.3807	0.11421
WC	2007	101	0.3792	0.11376
WC	2007	102	0.3775	0.11325
WC	2007	103	0.376	0.1128
WC	2007	104	0.3742	0.11226
WC	2007	105	0.3722	0.11166
WC	2007	106	0.3698	0.11094
WC	2007	107	0.3673	0.11019
WC	2007	108	0.3644	0.10932
WC	2007	109	0.3617	0.10851
WC	2007	110	0.3595	0.10785
WC	2007	111	0.3564	0.10692
WC	2007	112	0.3541	0.10623
WC	2007	113	0.3523	0.10569
WC	2007	114	0.352	0.1056
WC	2007	115	0.3517	0.10551
WC	2007	116	0.3499	0.10497
WC	2007	117	0.3473	0.10419
WC	2007	118	0.3442	0.10326
WC	2007	119	0.3402	0.10206
WC	2007	120	0.335	0.1005
WC	2007	121	0.3311	0.09933
WC	2007	122	0.3271	0.09813
WC	2007	123	0.3241	0.09723
WC	2007	124	0.3211	0.09633
WC	2007	125	0.3177	0.09531
WC	2007	126	0.3136	0.09408
WC	2007	127	0.3231	0.09693
WC	2007	128	0.3992	0.11976
WC	2007	129	0.399	0.1197
WC	2007	130	0.3881	0.11643
WC	2007	131	0.3833	0.11499
WC	2007	132	0.3988	0.11964
WC	2007	133	0.398	0.1194
WC	2007	134	0.4076	0.12228
WC	2007	135	0.4076	0.12228
WC	2007	136	0.402	0.1206
WC	2007	137	0.4031	0.12093
WC	2007	138	0.3944	0.11832
WC	2007	139	0.3894	0.11682
WC	2007	140	0.3849	0.11547
WC	2007	141	0.3785	0.11355
WC	2007	142	0.373	0.1119
WC	2007	143	0.4004	0.12012
WC	2007	144	0.3895	0.11685
WC	2007	145	0.3815	0.11445
WC	2007	146	0.3906	0.11718
WC	2007	147	0.4055	0.12165
WC	2007	148	0.4101	0.12303
WC	2007	149	0.4618	0.13854
WC	2007	150	0.5071	0.15213
WC	2007	151	0.4267	0.12801
WC	2007	152	0.4028	0.12084
WC	2007	153	0.3953	0.11859
WC	2007	154	0.3913	0.11739
WC	2007	155	0.3875	0.11625
WC	2007	156	0.3812	0.11436
WC	2007	157	0.3745	0.11235
WC	2007	158	0.3661	0.10983
WC	2007	159	0.356	0.1068
WC	2007	160	0.3441	0.10323
WC	2007	161	0.3323	0.09969
WC	2007	162	0.3231	0.09693
WC	2007	163	0.3265	0.09795
WC	2007	164	0.327	0.0981
WC	2007	165	0.3208	0.09624
WC	2007	166	0.3289	0.09867
WC	2007	167	0.3277	0.09831
WC	2007	168	0.3138	0.09414
WC	2007	169	0.3061	0.09183
WC	2007	170	0.3006	0.09018
WC	2007	171	0.295	0.0885
WC	2007	172	0.3659	0.10977
WC	2007	173	0.3988	0.11964
WC	2007	174	0.3939	0.11817
WC	2007	175	0.3799	0.11397
WC	2007	176	0.3683	0.11049
WC	2007	177	0.3637	0.10911
WC	2007	178	0.3568	0.10704
WC	2007	179	0.3499	0.10497
WC	2007	180	0.344	0.1032
WC	2007	181	0.3361	0.10083
WC	2007	182	0.3261	0.09783
WC	2007	183	0.3218	0.09654
WC	2007	184	0.319	0.0957
WC	2007	185	0.3158	0.09474
WC	2007	186	0.3128	0.09384
WC	2007	187	0.3109	0.09327
WC	2007	188	0.3039	0.09117
WC	2007	189	0.297	0.0891
WC	2007	190	0.3557	0.10671
WC	2007	191	0.3798	0.11394
WC	2007	192	0.3853	0.11559
WC	2007	193	0.372	0.1116
WC	2007	194	0.3603	0.10809
WC	2007	195	0.342	0.1026
WC	2007	196	0.3173	0.09519
WC	2007	197	0.2982	0.08946
WC	2007	198	0.2867	0.08601
WC	2007	199	0.2788	0.08364
WC	2007	200	0.2808	0.08424
WC	2007	201	0.2897	0.08691
WC	2007	202	0.2962	0.08886
WC	2007	203	0.3948	0.11844
WC	2007	204	0.3706	0.11118
WC	2007	205	0.3539	0.10617
WC	2007	206	0.3411	0.10233
WC	2007	207	0.3213	0.09639
WC	2007	208	0.3038	0.09114
WC	2007	209	0.3683	0.11049
WC	2007	210	0.4094	0.12282
WC	2007	211	0.4045	0.12135
WC	2007	212	0.3898	0.11694
WC	2007	213	0.3738	0.11214
WC	2007	214	0.358	0.1074
WC	2007	215	0.3509	0.10527
WC	2007	216	0.3373	0.10119
WC	2007	217	0.3175	0.09525
WC	2007	218	0.3007	0.09021
WC	2007	219	0.3115	0.09345
WC	2007	220	0.345	0.1035
WC	2007	221	0.3993	0.11979
WC	2007	222	0.4099	0.12297
WC	2007	223	0.4125	0.12375
WC	2007	224	0.3988	0.11964
WC	2007	225	0.3795	0.11385
WC	2007	226	0.3619	0.10857
WC	2007	227	0.3448	0.10344
WC	2007	228	0.3329	0.09987
WC	2007	229	0.3186	0.09558
WC	2007	230	0.3058	0.09174
WC	2007	231	0.2962	0.08886
WC	2007	232	0.2892	0.08676
WC	2007	233	0.2854	0.08562
WC	2007	234	0.2848	0.08544
WC	2007	235	0.2842	0.08526
WC	2007	236	0.2836	0.08508
WC	2007	237	0.2807	0.08421
WC	2007	238	0.2784	0.08352
WC	2007	239	0.2754	0.08262
WC	2007	240	0.2721	0.08163
WC	2007	241	0.2695	0.08085
WC	2007	242	0.2664	0.07992
WC	2007	243	0.2647	0.07941
WC	2007	244	0.264	0.0792
WC	2007	245	0.2627	0.07881
WC	2007	246	0.2642	0.07926
WC	2007	247	0.2657	0.07971
WC	2007	248	0.2641	0.07923
WC	2007	249	0.2633	0.07899
WC	2007	250	0.2635	0.07905
WC	2007	251	0.2635	0.07905
WC	2007	252	0.2629	0.07887
WC	2007	253	0.2622	0.07866
WC	2007	254	0.2644	0.07932
WC	2007	255	0.2651	0.07953
WC	2007	256	0.2657	0.07971
WC	2007	257	0.2641	0.07923
WC	2007	258	0.2617	0.07851
WC	2007	259	0.2593	0.07779
WC	2007	260	0.2584	0.07752
WC	2007	261	0.2629	0.07887
WC	2007	262	0.263	0.0789
WC	2007	263	0.2621	0.07863
WC	2007	264	0.2602	0.07806
WC	2007	265	0.2578	0.07734
WC	2007	266	0.2558	0.07674
WC	2007	267	0.2539	0.07617
WC	2007	268	0.2633	0.07899
WC	2007	269	0.2631	0.07893
WC	2007	270	0.3496	0.10488
WC	2007	271	0.407	0.1221
WC	2007	272	0.5013	0.15039
WC	2007	273	0.515	0.1545
WC	2007	274	0.4702	0.14106
WC	2007	275	0.4128	0.12384
WC	2007	276	0.4067	0.12201
WC	2007	277	0.4018	0.12054
WC	2007	278	0.3925	0.11775
WC	2007	279	0.3875	0.11625
WC	2007	280	0.3855	0.11565
WC	2007	281	0.3814	0.11442
WC	2007	282	0.378	0.1134
WC	2007	283	0.3751	0.11253
WC	2007	284	0.3716	0.11148
WC	2007	285	0.3687	0.11061
WC	2007	286	0.3666	0.10998
WC	2007	287	0.3636	0.10908
WC	2007	288	0.3593	0.10779
WC	2007	289	0.3562	0.10686
WC	2007	290	0.3539	0.10617
WC	2007	291	0.3517	0.10551
WC	2007	292	0.35	0.105
WC	2007	293	0.3491	0.10473
WC	2007	294	0.3577	0.10731
WC	2007	295	0.3918	0.11754
WC	2007	296	0.3907	0.11721
WC	2007	297	0.3896	0.11688
WC	2007	298	0.4003	0.12009
WC	2007	299	0.4037	0.12111
WC	2007	300	0.4021	0.12063
WC	2007	301	0.399	0.1197
WC	2007	302	0.3972	0.11916
WC	2007	303	0.3978	0.11934
WC	2007	304	0.3996	0.11988
WC	2007	305	0.3983	0.11949
WC	2007	306	0.3977	0.11931
WC	2007	307	0.4049	0.12147
WC	2007	308	0.4044	0.12132
WC	2007	309	0.4018	0.12054
WC	2007	310	0.4104	0.12312
WC	2007	311	0.415	0.1245
WC	2007	312	0.415	0.1245
WC	2007	313	0.4169	0.12507
WC	2007	314	0.4304	0.12912
WC	2007	315	0.4796	0.14388
WC	2007	316	0.5094	0.15282
WC	2007	317	0.512	0.1536
WC	2007	318	0.496	0.1488
WC	2007	319	0.4383	0.13149
WC	2007	320	0.4219	0.12657
WC	2007	321	0.4263	0.12789
WC	2007	322	0.4288	0.12864
WC	2007	323	0.4203	0.12609
WC	2007	324	0.4172	0.12516
WC	2007	325	0.4158	0.12474
WC	2007	326	0.4147	0.12441
WC	2007	327	0.4201	0.12603
WC	2007	328	0.4214	0.12642
WC	2007	329	0.4255	0.12765
WC	2007	330	0.4266	0.12798
WC	2007	331	0.4225	0.12675
WC	2007	332	0.4207	0.12621
WC	2007	333	0.4191	0.12573
WC	2007	334	0.4284	0.12852
WC	2007	335	0.4306	0.12918
WC	2007	336	0.4245	0.12735
WC	2007	337	0.4316	0.12948
WC	2007	338	0.4277	0.12831
WC	2007	339	0.4253	0.12759
WC	2007	340	0.4232	0.12696
WC	2007	341	0.4329	0.12987
WC	2007	342	0.4242	0.12726
WC	2007	343	0.4202	0.12606
WC	2007	344	0.421	0.1263
WC	2007	345	0.4289	0.12867
WC	2007	346	0.4259	0.12777
WC	2007	347	0.421	0.1263
WC	2007	348	0.4187	0.12561
WC	2007	349	0.4173	0.12519
WC	2007	350	0.4162	0.12486
WC	2007	351	0.4148	0.12444
WC	2007	352	0.4138	0.12414
WC	2007	353	0.4126	0.12378
WC	2007	354	0.4117	0.12351
WC	2007	355	0.4107	0.12321
WC	2007	356	0.4098	0.12294
WC	2007	357	0.4088	0.12264
WC	2007	358	0.4077	0.12231
WC	2007	359	0.4067	0.12201
WC	2007	360	0.4058	0.12174
WC	2007	361	0.4051	0.12153
WC	2007	362	0.4043	0.12129
WC	2007	363	0.4041	0.12123
WC	2007	364	0.4038	0.12114
WC	2007	365	0.4162	0.12486
WC	2009	1	0.402804167	0.12084125
WC	2009	2	0.401657292	0.120497188
WC	2009	3	0.400745833	0.12022375
WC	2009	4	0.399692708	0.119907813
WC	2009	5	0.39885625	0.119656875
WC	2009	6	0.397855208	0.119356563
WC	2009	7	0.397010417	0.119103125
WC	2009	8	0.396270833	0.11888125
WC	2009	9	0.39536875	0.118610625
WC	2009	10	0.394152083	0.118245625
WC	2009	11	0.392560417	0.117768125
WC	2009	12	0.390172917	0.117051875
WC	2009	13	0.38765	0.116295
WC	2009	14	0.385435417	0.115630625
WC	2009	15	0.3838625	0.11515875
WC	2009	16	0.383330208	0.114999063
WC	2009	17	0.38325	0.114975
WC	2009	18	0.385505208	0.115651563
WC	2009	19	0.415910417	0.124773125
WC	2009	20	0.427489583	0.128246875
WC	2009	21	0.392048958	0.117614688
WC	2009	22	0.396812847	0.119043854
WC	2009	23	0.40625625	0.121876875
WC	2009	24	0.416880903	0.125064271
WC	2009	25	0.409297222	0.122789167
WC	2009	26	0.404745486	0.121423646
WC	2009	27	0.398474306	0.119542292
WC	2009	28	0.393197917	0.117959375
WC	2009	29	0.382650694	0.114795208
WC	2009	30	0.372115972	0.111634792
WC	2009	31	0.363379861	0.109013958
WC	2009	32	0.356426389	0.106927917
WC	2009	33	0.351225347	0.105367604
WC	2009	34	0.351886806	0.105566042
WC	2009	35	0.351771181	0.105531354
WC	2009	36	0.358224653	0.107467396
WC	2009	37	0.379653125	0.113895938
WC	2009	38	0.401395833	0.12041875
WC	2009	39	0.41163125	0.123489375
WC	2009	40	0.406785417	0.122035625
WC	2009	41	0.417841319	0.125352396
WC	2009	42	0.413569444	0.124070833
WC	2009	43	0.410068403	0.123020521
WC	2009	44	0.408703819	0.122611146
WC	2009	45	0.408027778	0.122408333
WC	2009	46	0.406502431	0.121950729
WC	2009	47	0.406111111	0.121833333
WC	2009	48	0.412215972	0.123664792
WC	2009	49	0.413052083	0.123915625
WC	2009	50	0.410373958	0.123112188
WC	2009	51	0.407539583	0.122261875
WC	2009	52	0.408155903	0.122446771
WC	2009	53	0.415079861	0.124523958
WC	2009	54	0.427384375	0.128215313
WC	2009	55	0.423340625	0.127002188
WC	2009	56	0.419543403	0.125863021
WC	2009	57	0.42730625	0.128191875
WC	2009	58	0.440665278	0.132199583
WC	2009	59	0.470320486	0.141096146
WC	2009	60	0.479302778	0.143790833
WC	2009	61	0.466313542	0.139894063
WC	2009	62	0.438939583	0.131681875
WC	2009	63	0.425979861	0.127793958
WC	2009	64	0.417938889	0.125381667
WC	2009	65	0.447096528	0.134128958
WC	2009	66	0.453459375	0.136037813
WC	2009	67	0.444110069	0.133233021
WC	2009	68	0.422011111	0.126603333
WC	2009	69	0.422029861	0.126608958
WC	2009	70	0.421602778	0.126480833
WC	2009	71	0.421501042	0.126450313
WC	2009	72	0.421060069	0.126318021
WC	2009	73	0.411215972	0.123364792
WC	2009	74	0.418203472	0.125461042
WC	2009	75	0.418340278	0.125502083
WC	2009	76	0.411467708	0.123440313
WC	2009	77	0.408057986	0.122417396
WC	2009	78	0.405652431	0.121695729
WC	2009	79	0.403937153	0.121181146
WC	2009	80	0.402927778	0.120878333
WC	2009	81	0.401994444	0.120598333
WC	2009	82	0.412645833	0.12379375
WC	2009	83	0.418947917	0.125684375
WC	2009	84	0.412257986	0.123677396
WC	2009	85	0.418961111	0.125688333
WC	2009	86	0.425050694	0.127515208
WC	2009	87	0.420489236	0.126146771
WC	2009	88	0.415705903	0.124711771
WC	2009	89	0.412223958	0.123667188
WC	2009	90	0.410168403	0.123050521
WC	2009	91	0.406752083	0.122025625
WC	2009	92	0.404132639	0.121239792
WC	2009	93	0.40238125	0.120714375
WC	2009	94	0.400733681	0.120220104
WC	2009	95	0.398932639	0.119679792
WC	2009	96	0.396978819	0.119093646
WC	2009	97	0.394638194	0.118391458
WC	2009	98	0.391333333	0.1174
WC	2009	99	0.388557639	0.116567292
WC	2009	100	0.385174653	0.115552396
WC	2009	101	0.380101389	0.114030417
WC	2009	102	0.374754167	0.11242625
WC	2009	103	0.370035417	0.111010625
WC	2009	104	0.366000694	0.109800208
WC	2009	105	0.360825694	0.108247708
WC	2009	106	0.359750694	0.107925208
WC	2009	107	0.411652083	0.123495625
WC	2009	108	0.41916875	0.125750625
WC	2009	109	0.410602431	0.123180729
WC	2009	110	0.404108681	0.121232604
WC	2009	111	0.397320833	0.11919625
WC	2009	112	0.391315972	0.117394792
WC	2009	113	0.399414236	0.119824271
WC	2009	114	0.397112153	0.119133646
WC	2009	115	0.390789931	0.117236979
WC	2009	116	0.384593403	0.115378021
WC	2009	117	0.3784125	0.11352375
WC	2009	118	0.37326875	0.111980625
WC	2009	119	0.414740278	0.124422083
WC	2009	120	0.418671875	0.125601563
WC	2009	121	0.410002778	0.123000833
WC	2009	122	0.402572569	0.120771771
WC	2009	123	0.399385069	0.119815521
WC	2009	124	0.403262847	0.120978854
WC	2009	125	0.399582639	0.119874792
WC	2009	126	0.421662153	0.126498646
WC	2009	127	0.416673611	0.125002083
WC	2009	128	0.409511806	0.122853542
WC	2009	129	0.405759722	0.121727917
WC	2009	130	0.424669444	0.127400833
WC	2009	131	0.420387153	0.126116146
WC	2009	132	0.420751042	0.126225313
WC	2009	133	0.4128125	0.12384375
WC	2009	134	0.406960764	0.122088229
WC	2009	135	0.406903819	0.122071146
WC	2009	136	0.428458681	0.128537604
WC	2009	137	0.419938542	0.125981563
WC	2009	138	0.426566319	0.127969896
WC	2009	139	0.414025	0.1242075
WC	2009	140	0.413048958	0.123914688
WC	2009	141	0.425766667	0.12773
WC	2009	142	0.415187847	0.124556354
WC	2009	143	0.407957292	0.122387188
WC	2009	144	0.400525	0.1201575
WC	2009	145	0.3928125	0.11784375
WC	2009	146	0.385067014	0.115520104
WC	2009	147	0.378714583	0.113614375
WC	2009	148	0.373641667	0.1120925
WC	2009	149	0.370302431	0.111090729
WC	2009	150	0.364491667	0.1093475
WC	2009	151	0.364336111	0.109300833
WC	2009	152	0.381297569	0.114389271
WC	2009	153	0.372488542	0.111746563
WC	2009	154	0.363139236	0.108941771
WC	2009	155	0.357244444	0.107173333
WC	2009	156	0.352323958	0.105697188
WC	2009	157	0.359798611	0.107939583
WC	2009	158	0.393398264	0.118019479
WC	2009	159	0.395221875	0.118566563
WC	2009	160	0.386598611	0.115979583
WC	2009	161	0.385402778	0.115620833
WC	2009	162	0.4034	0.12102
WC	2009	163	0.407516319	0.122254896
WC	2009	164	0.396453125	0.118935938
WC	2009	165	0.385965972	0.115789792
WC	2009	166	0.413911458	0.124173438
WC	2009	167	0.434232292	0.130269688
WC	2009	168	0.4219125	0.12657375
WC	2009	169	0.410880556	0.123264167
WC	2009	170	0.403640625	0.121092188
WC	2009	171	0.396298611	0.118889583
WC	2009	172	0.418579167	0.12557375
WC	2009	173	0.425385764	0.127615729
WC	2009	174	0.418315625	0.125494688
WC	2009	175	0.405547222	0.121664167
WC	2009	176	0.399937153	0.119981146
WC	2009	177	0.403869444	0.121160833
WC	2009	178	0.417637847	0.125291354
WC	2009	179	0.430716667	0.129215
WC	2009	180	0.417995833	0.12539875
WC	2009	181	0.403017361	0.120905208
WC	2009	182	0.390261806	0.117078542
WC	2009	183	0.377477083	0.113243125
WC	2009	184	0.364309028	0.109292708
WC	2009	185	0.350424653	0.105127396
WC	2009	186	0.335467708	0.100640313
WC	2009	187	0.326376042	0.097912813
WC	2009	188	0.324882986	0.097464896
WC	2009	189	0.343439583	0.103031875
WC	2009	190	0.397245486	0.119173646
WC	2009	191	0.399672917	0.119901875
WC	2009	192	0.414217361	0.124265208
WC	2009	193	0.427254861	0.128176458
WC	2009	194	0.411821528	0.123546458
WC	2009	195	0.400776736	0.120233021
WC	2009	196	0.391757292	0.117527188
WC	2009	197	0.376747917	0.113024375
WC	2009	198	0.361805903	0.108541771
WC	2009	199	0.391405556	0.117421667
WC	2009	200	0.392253125	0.117675938
WC	2009	201	0.413703125	0.124110938
WC	2009	202	0.401393403	0.120418021
WC	2009	203	0.391557639	0.117467292
WC	2009	204	0.391112153	0.117333646
WC	2009	205	0.444744792	0.133423438
WC	2009	206	0.444711806	0.133413542
WC	2009	207	0.430703125	0.129210938
WC	2009	208	0.413254167	0.12397625
WC	2009	209	0.398847222	0.119654167
WC	2009	210	0.381797917	0.114539375
WC	2009	211	0.362392014	0.108717604
WC	2009	212	0.347423958	0.104227188
WC	2009	213	0.335836111	0.100750833
WC	2009	214	0.325559722	0.097667917
WC	2009	215	0.318181944	0.095454583
WC	2009	216	0.310060069	0.093018021
WC	2009	217	0.3007875	0.09023625
WC	2009	218	0.292869097	0.087860729
WC	2009	219	0.286083681	0.085825104
WC	2009	220	0.297410069	0.089223021
WC	2009	221	0.314900347	0.094470104
WC	2009	222	0.299751389	0.089925417
WC	2009	223	0.292495139	0.087748542
WC	2009	224	0.288583333	0.086575
WC	2009	225	0.292703472	0.087811042
WC	2009	226	0.284529861	0.085358958
WC	2009	227	0.277686458	0.083305938
WC	2009	228	0.286734722	0.086020417
WC	2009	229	0.304188542	0.091256563
WC	2009	230	0.286638542	0.085991563
WC	2009	231	0.275607986	0.082682396
WC	2009	232	0.267960417	0.080388125
WC	2009	233	0.291187153	0.087356146
WC	2009	234	0.282517708	0.084755313
WC	2009	235	0.268545486	0.080563646
WC	2009	236	0.260950694	0.078285208
WC	2009	237	0.257757292	0.077327188
WC	2009	238	0.256399306	0.076919792
WC	2009	239	0.2537125	0.07611375
WC	2009	240	0.250786806	0.075236042
WC	2009	241	0.247045486	0.074113646
WC	2009	242	0.244133333	0.07324
WC	2009	243	0.2417375	0.07252125
WC	2009	244	0.239370833	0.07181125
WC	2009	245	0.237575	0.0712725
WC	2009	246	0.244901736	0.073470521
WC	2009	247	0.243895833	0.07316875
WC	2009	248	0.255355903	0.076606771
WC	2009	249	0.248075694	0.074422708
WC	2009	250	0.242288542	0.072686563
WC	2009	251	0.238304514	0.071491354
WC	2009	252	0.235275347	0.070582604
WC	2009	253	0.234035764	0.070210729
WC	2009	254	0.232425694	0.069727708
WC	2009	255	0.230375	0.0691125
WC	2009	256	0.242115278	0.072634583
WC	2009	257	0.277538194	0.083261458
WC	2009	258	0.356720833	0.10701625
WC	2009	259	0.346056597	0.103816979
WC	2009	260	0.330854167	0.09925625
WC	2009	261	0.314190972	0.094257292
WC	2009	262	0.302565972	0.090769792
WC	2009	263	0.293328819	0.087998646
WC	2009	264	0.288673958	0.086602188
WC	2009	265	0.285114583	0.085534375
WC	2009	266	0.27881875	0.083645625
WC	2009	267	0.275729514	0.082718854
WC	2009	268	0.273464583	0.082039375
WC	2009	269	0.269345486	0.080803646
WC	2009	270	0.264958681	0.079487604
WC	2009	271	0.262009028	0.078602708
WC	2009	272	0.260681597	0.078204479
WC	2009	273	0.293600347	0.088080104
WC	2009	274	0.299530556	0.089859167
WC	2009	275	0.297350347	0.089205104
WC	2009	276	0.286888194	0.086066458
WC	2009	277	0.298955556	0.089686667
WC	2009	278	0.318470833	0.09554125
WC	2009	279	0.362375	0.1087125
WC	2009	280	0.366931597	0.110079479
WC	2009	281	0.346581944	0.103974583
WC	2009	282	0.338093403	0.101428021
WC	2009	283	0.349143403	0.104743021
WC	2009	284	0.383451389	0.115035417
WC	2009	285	0.386683681	0.116005104
WC	2009	286	0.37761875	0.113285625
WC	2009	287	0.368912847	0.110673854
WC	2009	288	0.363433333	0.10903
WC	2009	289	0.377911111	0.113373333
WC	2009	290	0.389180556	0.116754167
WC	2009	291	0.382897222	0.114869167
WC	2009	292	0.377596528	0.113278958
WC	2009	293	0.372219097	0.111665729
WC	2009	294	0.368312847	0.110493854
WC	2009	295	0.367778472	0.110333542
WC	2009	296	0.375362847	0.112608854
WC	2009	297	0.374828819	0.112448646
WC	2009	298	0.376115972	0.112834792
WC	2009	299	0.375039583	0.112511875
WC	2009	300	0.374951736	0.112485521
WC	2009	301	0.375781944	0.112734583
WC	2009	302	0.372028472	0.111608542
WC	2009	303	0.369894097	0.110968229
WC	2009	304	0.368017708	0.110405313
WC	2009	305	0.366817014	0.110045104
WC	2009	306	0.39318125	0.117954375
WC	2009	307	0.404169792	0.121250938
WC	2009	308	0.404344097	0.121303229
WC	2009	309	0.39769375	0.119308125
WC	2009	310	0.393155903	0.117946771
WC	2009	311	0.390775347	0.117232604
WC	2009	312	0.388737153	0.116621146
WC	2009	313	0.406271181	0.121881354
WC	2009	314	0.400590625	0.120177188
WC	2009	315	0.401837847	0.120551354
WC	2009	316	0.397075694	0.119122708
WC	2009	317	0.39389375	0.118168125
WC	2009	318	0.392111111	0.117633333
WC	2009	319	0.390504514	0.117151354
WC	2009	320	0.400657639	0.120197292
WC	2009	321	0.413338889	0.124001667
WC	2009	322	0.404400694	0.121320208
WC	2009	323	0.397756597	0.119326979
WC	2009	324	0.394842014	0.118452604
WC	2009	325	0.393224306	0.117967292
WC	2009	326	0.392218403	0.117665521
WC	2009	327	0.400035069	0.120010521
WC	2009	328	0.413627083	0.124088125
WC	2009	329	0.403933333	0.12118
WC	2009	330	0.399055903	0.119716771
WC	2009	331	0.400668056	0.120200417
WC	2009	332	0.401814236	0.120544271
WC	2009	333	0.400909028	0.120272708
WC	2009	334	0.409277083	0.122783125
WC	2009	335	0.421475694	0.126442708
WC	2009	336	0.405447222	0.121634167
WC	2009	337	0.401489583	0.120446875
WC	2009	338	0.41013125	0.123039375
WC	2009	339	0.406921181	0.122076354
WC	2009	340	0.414113889	0.124234167
WC	2009	341	0.409053819	0.122716146
WC	2009	342	0.407129861	0.122138958
WC	2009	343	0.406103472	0.121831042
WC	2009	344	0.422095486	0.126628646
WC	2009	345	0.421980208	0.126594063
WC	2009	346	0.417975	0.1253925
WC	2009	347	0.420623264	0.126186979
WC	2009	348	0.418802431	0.125640729
WC	2009	349	0.417392361	0.125217708
WC	2009	350	0.415392014	0.124617604
WC	2009	351	0.413589931	0.124076979
WC	2009	352	0.412005208	0.123601563
WC	2009	353	0.410514236	0.123154271
WC	2009	354	0.409386111	0.122815833
WC	2009	355	0.408543056	0.122562917
WC	2009	356	0.421569444	0.126470833
WC	2009	357	0.433281597	0.129984479
WC	2009	358	0.428964583	0.128689375
WC	2009	359	0.442443403	0.132733021
WC	2009	360	0.430327778	0.129098333
WC	2009	361	0.422422917	0.126726875
WC	2009	362	0.41943913	0.125831739
WC	2010	4	0.422734583	0.126820375
WC	2010	5	0.42177066	0.126531198
WC	2010	6	0.420204514	0.126061354
WC	2010	7	0.418557813	0.125567344
WC	2010	8	0.417407465	0.12522224
WC	2010	9	0.416520486	0.124956146
WC	2010	10	0.415798611	0.124739583
WC	2010	11	0.415540104	0.124662031
WC	2010	12	0.415740799	0.12472224
WC	2010	13	0.415900174	0.124770052
WC	2010	14	0.415894271	0.124768281
WC	2010	15	0.416650347	0.124995104
WC	2010	16	0.419825868	0.12594776
WC	2010	17	0.426109028	0.127832708
WC	2010	18	0.435813021	0.130743906
WC	2010	19	0.435245486	0.130573646
WC	2010	20	0.433824653	0.130147396
WC	2010	21	0.432048264	0.129614479
WC	2010	22	0.428219792	0.128465938
WC	2010	23	0.424170833	0.12725125
WC	2010	24	0.421534896	0.126460469
WC	2010	25	0.419186285	0.125755885
WC	2010	26	0.417589583	0.125276875
WC	2010	27	0.415338368	0.12460151
WC	2010	28	0.413161806	0.123948542
WC	2010	29	0.412829514	0.123848854
WC	2010	30	0.413298785	0.123989635
WC	2010	31	0.413305208	0.123991563
WC	2010	32	0.414553125	0.124365938
WC	2010	33	0.415721354	0.124716406
WC	2010	34	0.416362153	0.124908646
WC	2010	35	0.417655729	0.125296719
WC	2010	36	0.420683681	0.126205104
WC	2010	37	0.423242014	0.126972604
WC	2010	38	0.425938889	0.127781667
WC	2010	39	0.426866493	0.128059948
WC	2010	40	0.425497743	0.127649323
WC	2010	41	0.424043403	0.127213021
WC	2010	42	0.422897396	0.126869219
WC	2010	43	0.422364757	0.126709427
WC	2010	44	0.42219566	0.126658698
WC	2010	45	0.422834201	0.12685026
WC	2010	46	0.423297396	0.126989219
WC	2010	47	0.423559375	0.127067813
WC	2010	48	0.424092361	0.127227708
WC	2010	49	0.423895313	0.127168594
WC	2010	50	0.424372917	0.127311875
WC	2010	51	0.427843924	0.128353177
WC	2010	52	0.427948611	0.128384583
WC	2010	53	0.428150347	0.128445104
WC	2010	54	0.436450174	0.130935052
WC	2010	55	0.437385243	0.131215573
WC	2010	56	0.438146181	0.131443854
WC	2010	57	0.450029167	0.13500875
WC	2010	58	0.461987674	0.138596302
WC	2010	59	0.495868403	0.148760521
WC	2010	60	0.529659028	0.158897708
WC	2010	61	0.526805208	0.158041563
WC	2010	62	0.48543559	0.145630677
WC	2010	63	0.455899132	0.13676974
WC	2010	64	0.437060243	0.131118073
WC	2010	65	0.426884375	0.128065313
WC	2010	66	0.424013368	0.12720401
WC	2010	67	0.422054514	0.126616354
WC	2010	68	0.420351389	0.126105417
WC	2010	69	0.418388542	0.125516563
WC	2010	70	0.416549479	0.124964844
WC	2010	71	0.414951042	0.124485313
WC	2010	72	0.415251389	0.124575417
WC	2010	73	0.431282986	0.129384896
WC	2010	74	0.444625521	0.133387656
WC	2010	75	0.449447222	0.134834167
WC	2010	76	0.449724306	0.134917292
WC	2010	77	0.451677951	0.135503385
WC	2010	78	0.462203472	0.138661042
WC	2010	79	0.448795313	0.134638594
WC	2010	80	0.449818576	0.134945573
WC	2010	81	0.444972569	0.133491771
WC	2010	82	0.437362674	0.131208802
WC	2010	83	0.431021701	0.12930651
WC	2010	84	0.428817535	0.12864526
WC	2010	85	0.431878993	0.129563698
WC	2010	86	0.440310069	0.132093021
WC	2010	87	0.436785069	0.131035521
WC	2010	88	0.445288194	0.133586458
WC	2010	89	0.43995191	0.131985573
WC	2010	90	0.443196528	0.132958958
WC	2010	91	0.439596528	0.131878958
WC	2010	92	0.432955035	0.12988651
WC	2010	93	0.430481771	0.129144531
WC	2010	94	0.433618229	0.130085469
WC	2010	95	0.434290972	0.130287292
WC	2010	96	0.430147222	0.129044167
WC	2010	97	0.42654184	0.127962552
WC	2010	98	0.422910417	0.126873125
WC	2010	99	0.420367882	0.126110365
WC	2010	100	0.41796875	0.125390625
WC	2010	101	0.418728646	0.125618594
WC	2010	102	0.428335069	0.128500521
WC	2010	103	0.434640625	0.130392188
WC	2010	104	0.432605208	0.129781563
WC	2010	105	0.439576736	0.131873021
WC	2010	106	0.433890799	0.13016724
WC	2010	107	0.427973958	0.128392188
WC	2010	108	0.421894618	0.126568385
WC	2010	109	0.416713021	0.125013906
WC	2010	110	0.411386285	0.123415885
WC	2010	111	0.407866667	0.12236
WC	2010	112	0.407144792	0.122143438
WC	2010	113	0.402272049	0.120681615
WC	2010	114	0.394807465	0.11844224
WC	2010	115	0.386647396	0.115994219
WC	2010	116	0.397046007	0.119113802
WC	2010	117	0.411715799	0.12351474
WC	2010	118	0.399917535	0.11997526
WC	2010	119	0.387446007	0.116233802
WC	2010	120	0.377846181	0.113353854
WC	2010	121	0.374828819	0.112448646
WC	2010	122	0.391615972	0.117484792
WC	2010	123	0.414068229	0.124220469
WC	2010	124	0.406974479	0.122092344
WC	2010	125	0.402189103	0.120656731
WC	2010	126	0.443414516	0.133024355
WC	2010	127	0.442548264	0.132764479
WC	2010	128	0.431948958	0.129584688
WC	2010	129	0.428928125	0.128678438
WC	2010	130	0.432416493	0.129724948
WC	2010	131	0.430967708	0.129290313
WC	2010	132	0.441038021	0.132311406
WC	2010	133	0.430850521	0.129255156
WC	2010	134	0.427256597	0.128176979
WC	2010	135	0.442972917	0.132891875
WC	2010	136	0.433854688	0.130156406
WC	2010	137	0.426632465	0.12798974
WC	2010	138	0.422305208	0.126691563
WC	2010	139	0.44738125	0.134214375
WC	2010	140	0.448772222	0.134631667
WC	2010	141	0.433788021	0.130136406
WC	2010	142	0.426756944	0.128027083
WC	2010	143	0.422194444	0.126658333
WC	2010	144	0.433678646	0.130103594
WC	2010	145	0.435724306	0.130717292
WC	2010	146	0.434064063	0.130219219
WC	2010	147	0.445067535	0.13352026
WC	2010	148	0.444455382	0.133336615
WC	2010	149	0.435588021	0.130676406
WC	2010	150	0.438247396	0.131474219
WC	2010	151	0.445722917	0.133716875
WC	2010	152	0.440871354	0.132261406
WC	2010	153	0.448238715	0.134471615
WC	2010	154	0.437264063	0.131179219
WC	2010	155	0.429444444	0.128833333
WC	2010	156	0.422569792	0.126770938
WC	2010	157	0.413315104	0.123994531
WC	2010	158	0.408216146	0.122464844
WC	2010	159	0.400014063	0.120004219
WC	2010	160	0.390805729	0.117241719
WC	2010	161	0.415056597	0.124516979
WC	2010	162	0.404065625	0.121219688
WC	2010	163	0.395378125	0.118613438
WC	2010	164	0.38856875	0.116570625
WC	2010	165	0.380019097	0.114005729
WC	2010	166	0.372603646	0.111781094
WC	2010	167	0.365342708	0.109602813
WC	2010	168	0.358125174	0.107437552
WC	2010	169	0.350432986	0.105129896
WC	2010	170	0.343940451	0.103182135
WC	2010	171	0.33912934	0.101738802
WC	2010	172	0.335321701	0.10059651
WC	2010	173	0.330812674	0.099243802
WC	2010	174	0.326291493	0.097887448
WC	2010	175	0.321294444	0.096388333
WC	2010	176	0.315878472	0.094763542
WC	2010	177	0.310553819	0.093166146
WC	2010	178	0.305769097	0.091730729
WC	2010	179	0.301160243	0.090348073
WC	2010	180	0.295982639	0.088794792
WC	2010	181	0.291452083	0.087435625
WC	2010	182	0.286285256	0.085885577
WC	2010	183	0.283852778	0.085155833
WC	2010	184	0.280241319	0.084072396
WC	2010	185	0.276912674	0.083073802
WC	2010	186	0.274195313	0.082258594
WC	2010	187	0.273434028	0.082030208
WC	2010	188	0.271672917	0.081501875
WC	2010	189	0.269688368	0.08090651
WC	2010	190	0.267510764	0.080253229
WC	2010	191	0.264707639	0.079412292
WC	2010	192	0.261785417	0.078535625
WC	2010	193	0.261545486	0.078463646
WC	2010	194	0.26830191	0.080490573
WC	2010	195	0.262607986	0.078782396
WC	2010	196	0.266451042	0.079935313
WC	2010	197	0.259276389	0.077782917
WC	2010	198	0.256811458	0.077043438
WC	2010	199	0.255541319	0.076662396
WC	2010	200	0.253001215	0.075900365
WC	2010	201	0.251081424	0.075324427
WC	2010	202	0.249618229	0.074885469
WC	2010	203	0.248241319	0.074472396
WC	2010	204	0.251132118	0.075339635
WC	2010	205	0.255797049	0.076739115
WC	2010	206	0.250257292	0.075077188
WC	2010	207	0.24773559	0.074320677
WC	2010	208	0.246685243	0.074005573
WC	2010	209	0.249421181	0.074826354
WC	2010	210	0.251239931	0.075371979
WC	2010	211	0.248425	0.0745275
WC	2010	212	0.245961458	0.073788438
WC	2010	213	0.244336806	0.073301042
WC	2010	214	0.243490972	0.073047292
WC	2010	215	0.242455556	0.072736667
WC	2010	216	0.241323785	0.072397135
WC	2010	217	0.244198438	0.073259531
WC	2010	218	0.258901042	0.077670313
WC	2010	219	0.254854688	0.076456406
WC	2010	220	0.25038125	0.075114375
WC	2010	221	0.249885417	0.074965625
WC	2010	222	0.246776736	0.074033021
WC	2010	223	0.244757813	0.073427344
WC	2010	224	0.255459375	0.076637813
WC	2010	225	0.259400694	0.077820208
WC	2010	226	0.253189063	0.075956719
WC	2010	227	0.258539931	0.077561979
WC	2010	228	0.262658333	0.0787975
WC	2010	229	0.301484896	0.090445469
WC	2010	230	0.323627951	0.097088385
WC	2010	231	0.326525347	0.097957604
WC	2010	232	0.311256771	0.093377031
WC	2010	233	0.299397569	0.089819271
WC	2010	234	0.296933507	0.089080052
WC	2010	235	0.319638715	0.095891615
WC	2010	236	0.323416146	0.097024844
WC	2010	237	0.308376042	0.092512813
WC	2010	238	0.32223941	0.096671823
WC	2010	239	0.343925	0.1031775
WC	2010	240	0.333101215	0.099930365
WC	2010	241	0.336064236	0.100819271
WC	2010	242	0.373134028	0.111940208
WC	2010	243	0.370837847	0.111251354
WC	2010	244	0.357421007	0.107226302
WC	2010	245	0.348564931	0.104569479
WC	2010	246	0.340294097	0.102088229
WC	2010	247	0.331067882	0.099320365
WC	2010	248	0.323138194	0.096941458
WC	2010	249	0.314815625	0.094444688
WC	2010	250	0.307220139	0.092166042
WC	2010	251	0.302375694	0.090712708
WC	2010	252	0.311303299	0.09339099
WC	2010	253	0.335550347	0.100665104
WC	2010	254	0.333030382	0.099909115
WC	2010	255	0.316507986	0.094952396
WC	2010	256	0.308642361	0.092592708
WC	2010	257	0.335352431	0.100605729
WC	2010	258	0.349601042	0.104880313
WC	2010	259	0.337551736	0.101265521
WC	2010	260	0.364756597	0.109426979
WC	2010	261	0.368836632	0.11065099
WC	2010	262	0.358233854	0.107470156
WC	2010	263	0.339963021	0.101988906
WC	2010	264	0.320761111	0.096228333
WC	2010	265	0.307097222	0.092129167
WC	2010	266	0.293778819	0.088133646
WC	2010	267	0.284513715	0.085354115
WC	2010	268	0.307019792	0.092105938
WC	2010	269	0.353409201	0.10602276
WC	2010	270	0.380661979	0.114198594
WC	2010	271	0.410343576	0.123103073
WC	2010	272	0.401844444	0.120553333
WC	2010	273	0.392409549	0.117722865
WC	2010	274	0.386169097	0.115850729
WC	2010	275	0.384360243	0.115308073
WC	2010	276	0.381265625	0.114379688
WC	2010	277	0.374199826	0.112259948
WC	2010	278	0.368380035	0.11051401
WC	2010	279	0.362355729	0.108706719
WC	2010	280	0.356010938	0.106803281
WC	2010	281	0.349401215	0.104820365
WC	2010	282	0.34229375	0.102688125
WC	2010	283	0.336462326	0.100938698
WC	2010	284	0.332095139	0.099628542
WC	2010	285	0.328753472	0.098626042
WC	2010	286	0.327275868	0.09818276
WC	2010	287	0.32594809	0.097784427
WC	2010	288	0.325458681	0.097637604
WC	2010	289	0.396953472	0.119086042
WC	2010	290	0.405968056	0.121790417
WC	2010	291	0.398178125	0.119453438
WC	2010	292	0.394266667	0.11828
WC	2010	293	0.402808854	0.120842656
WC	2010	294	0.402612674	0.120783802
WC	2010	295	0.397767361	0.119330208
WC	2010	296	0.395000174	0.118500052
WC	2010	297	0.394049653	0.118214896
WC	2010	298	0.393307465	0.11799224
WC	2010	299	0.391690972	0.117507292
WC	2010	300	0.390158333	0.1170475
WC	2010	301	0.388601389	0.116580417
WC	2010	302	0.387418924	0.116225677
WC	2010	303	0.385884896	0.115765469
WC	2010	304	0.384531771	0.115359531
WC	2010	305	0.383287153	0.114986146
WC	2010	306	0.382281076	0.114684323
WC	2010	307	0.381776215	0.114532865
WC	2010	308	0.383156771	0.114947031
WC	2010	309	0.383465451	0.115039635
WC	2010	310	0.399946007	0.119983802
WC	2010	311	0.417051736	0.125115521
WC	2010	312	0.413003819	0.123901146
WC	2010	313	0.407934896	0.122380469
WC	2010	314	0.408508681	0.122552604
WC	2010	315	0.414569271	0.124370781
WC	2010	316	0.419880208	0.125964063
WC	2010	317	0.42460191	0.127380573
WC	2010	318	0.415911979	0.124773594
WC	2010	319	0.41675816	0.125027448
WC	2010	320	0.428000868	0.12840026
WC	2010	321	0.416587847	0.124976354
WC	2010	322	0.418925694	0.125677708
WC	2010	323	0.417371007	0.125211302
WC	2010	324	0.412596007	0.123778802
WC	2010	325	0.41040816	0.123122448
WC	2010	326	0.421413021	0.126423906
WC	2010	327	0.424903819	0.127471146
WC	2010	328	0.422956597	0.126886979
WC	2010	329	0.420603299	0.12618099
WC	2010	330	0.419471701	0.12584151
WC	2010	331	0.416249653	0.124874896
WC	2010	332	0.413061111	0.123918333
WC	2010	333	0.411311111	0.123393333
WC	2010	334	0.41080434	0.123241302
WC	2010	335	0.411355208	0.123406563
WC	2010	336	0.409741146	0.122922344
WC	2010	337	0.410839931	0.123251979
WC	2010	338	0.411751389	0.123525417
WC	2010	339	0.412615972	0.123784792
WC	2010	340	0.415414583	0.124624375
WC	2010	341	0.420107465	0.12603224
WC	2010	342	0.422165799	0.12664974
WC	2010	343	0.425103472	0.127531042
WC	2010	344	0.425130208	0.127539063
WC	2010	345	0.436780556	0.131034167
WC	2010	346	0.440468924	0.132140677
WC	2010	347	0.430866319	0.129259896
WC	2010	348	0.422723264	0.126816979
WC	2010	349	0.418251215	0.125475365
WC	2010	350	0.416376563	0.124912969
WC	2010	351	0.41628316	0.124884948
WC	2010	352	0.420648958	0.126194688
WC	2010	353	0.423298611	0.126989583
WC	2010	354	0.423551389	0.127065417
WC	2010	355	0.423895833	0.12716875
WC	2010	356	0.423520313	0.127056094
WC	2010	357	0.42433559	0.127300677
WC	2010	358	0.424852431	0.127455729
WC	2010	359	0.424809549	0.127442865
WC	2010	360	0.424592882	0.127377865
WC	2010	361	0.424667361	0.127400208
WC	2010	362	0.424424132	0.12732724
WC	2010	363	0.424838542	0.127451563
WC	2010	364	0.424999306	0.127499792
WC	2010	365	0.425529167	0.12765875
