year	doy	Reco_st	NEE_st_fMDS	GPP_st_MDS	ET
2004	1	NA	NA	NA	NA
2004	2	NA	NA	NA	NA
2004	3	NA	NA	NA	NA
2004	4	NA	NA	NA	NA
2004	5	NA	NA	NA	NA
2004	6	NA	NA	NA	NA
2004	7	NA	NA	NA	NA
2004	8	NA	NA	NA	NA
2004	9	NA	NA	NA	NA
2004	10	NA	NA	NA	NA
2004	11	NA	NA	NA	NA
2004	12	NA	NA	NA	NA
2004	13	NA	NA	NA	NA
2004	14	NA	NA	NA	NA
2004	15	NA	NA	NA	NA
2004	16	NA	NA	NA	NA
2004	17	NA	NA	NA	NA
2004	18	NA	NA	NA	NA
2004	19	NA	NA	NA	NA
2004	20	NA	NA	NA	NA
2004	21	NA	NA	NA	NA
2004	22	NA	NA	NA	NA
2004	23	NA	NA	NA	NA
2004	24	NA	NA	NA	NA
2004	25	NA	NA	NA	NA
2004	26	NA	NA	NA	NA
2004	27	NA	NA	NA	NA
2004	28	NA	NA	NA	NA
2004	29	NA	NA	NA	NA
2004	30	NA	NA	NA	NA
2004	31	NA	NA	NA	NA
2004	32	NA	NA	NA	NA
2004	33	NA	NA	NA	NA
2004	34	NA	NA	NA	NA
2004	35	NA	NA	NA	NA
2004	36	NA	NA	NA	NA
2004	37	NA	NA	NA	NA
2004	38	NA	NA	NA	NA
2004	39	NA	NA	NA	NA
2004	40	NA	NA	NA	NA
2004	41	NA	NA	NA	NA
2004	42	NA	NA	NA	NA
2004	43	NA	NA	NA	NA
2004	44	NA	NA	NA	NA
2004	45	NA	NA	NA	NA
2004	46	NA	NA	NA	NA
2004	47	NA	NA	NA	NA
2004	48	NA	NA	NA	NA
2004	49	NA	NA	NA	NA
2004	50	NA	NA	NA	NA
2004	51	NA	NA	NA	NA
2004	52	NA	NA	NA	NA
2004	53	NA	NA	NA	NA
2004	54	NA	NA	NA	NA
2004	55	NA	NA	NA	NA
2004	56	NA	NA	NA	NA
2004	57	NA	NA	NA	NA
2004	58	NA	NA	NA	NA
2004	59	NA	NA	NA	NA
2004	60	NA	NA	NA	NA
2004	61	NA	NA	NA	NA
2004	62	NA	NA	NA	NA
2004	63	NA	NA	NA	NA
2004	64	NA	NA	NA	NA
2004	65	NA	NA	NA	NA
2004	66	NA	NA	NA	NA
2004	67	NA	NA	NA	NA
2004	68	NA	NA	NA	NA
2004	69	NA	NA	NA	NA
2004	70	NA	NA	NA	NA
2004	71	NA	NA	NA	NA
2004	72	NA	NA	NA	NA
2004	73	NA	NA	NA	NA
2004	74	NA	NA	NA	NA
2004	75	NA	NA	NA	NA
2004	76	NA	NA	NA	NA
2004	77	NA	NA	NA	NA
2004	78	NA	NA	NA	NA
2004	79	NA	NA	NA	NA
2004	80	NA	NA	NA	NA
2004	81	NA	NA	NA	NA
2004	82	NA	NA	NA	NA
2004	83	NA	NA	NA	NA
2004	84	NA	NA	NA	NA
2004	85	NA	NA	NA	NA
2004	86	NA	NA	NA	NA
2004	87	NA	NA	NA	NA
2004	88	NA	NA	NA	NA
2004	89	NA	NA	NA	NA
2004	90	NA	NA	NA	NA
2004	91	NA	NA	NA	NA
2004	92	NA	NA	NA	NA
2004	93	NA	NA	NA	NA
2004	94	NA	NA	NA	NA
2004	95	NA	NA	NA	NA
2004	96	NA	NA	NA	NA
2004	97	NA	NA	NA	NA
2004	98	NA	NA	NA	NA
2004	99	NA	NA	NA	NA
2004	100	NA	NA	NA	NA
2004	101	NA	NA	NA	NA
2004	102	NA	NA	NA	NA
2004	103	NA	NA	NA	NA
2004	104	NA	NA	NA	NA
2004	105	NA	NA	NA	NA
2004	106	NA	NA	NA	NA
2004	107	NA	NA	NA	NA
2004	108	NA	NA	NA	NA
2004	109	NA	NA	NA	NA
2004	110	NA	NA	NA	NA
2004	111	NA	NA	NA	NA
2004	112	NA	NA	NA	NA
2004	113	NA	NA	NA	NA
2004	114	NA	NA	NA	NA
2004	115	NA	NA	NA	NA
2004	116	NA	NA	NA	NA
2004	117	NA	NA	NA	NA
2004	118	NA	NA	NA	NA
2004	119	NA	NA	NA	NA
2004	120	NA	NA	NA	NA
2004	121	NA	NA	NA	NA
2004	122	NA	NA	NA	NA
2004	123	NA	NA	NA	NA
2004	124	NA	NA	NA	NA
2004	125	NA	NA	NA	NA
2004	126	NA	NA	NA	NA
2004	127	NA	NA	NA	NA
2004	128	NA	NA	NA	NA
2004	129	NA	NA	NA	NA
2004	130	NA	NA	NA	NA
2004	131	NA	NA	NA	NA
2004	132	NA	NA	NA	NA
2004	133	NA	NA	NA	NA
2004	134	NA	NA	NA	NA
2004	135	NA	NA	NA	NA
2004	136	NA	NA	NA	NA
2004	137	NA	NA	NA	NA
2004	138	NA	NA	NA	NA
2004	139	NA	NA	NA	NA
2004	140	NA	NA	NA	NA
2004	141	NA	NA	NA	NA
2004	142	NA	NA	NA	NA
2004	143	NA	NA	NA	NA
2004	144	NA	NA	NA	NA
2004	145	NA	NA	NA	NA
2004	146	NA	NA	NA	NA
2004	147	NA	NA	NA	NA
2004	148	NA	NA	NA	NA
2004	149	NA	NA	NA	NA
2004	150	NA	NA	NA	NA
2004	151	NA	NA	NA	NA
2004	152	NA	NA	NA	NA
2004	153	NA	NA	NA	NA
2004	154	NA	NA	NA	NA
2004	155	NA	NA	NA	NA
2004	156	NA	NA	NA	NA
2004	157	NA	NA	NA	NA
2004	158	NA	NA	NA	NA
2004	159	NA	NA	NA	NA
2004	160	NA	NA	NA	NA
2004	161	NA	NA	NA	NA
2004	162	NA	NA	NA	NA
2004	163	NA	NA	NA	NA
2004	164	NA	NA	NA	NA
2004	165	NA	NA	NA	NA
2004	166	NA	NA	NA	NA
2004	167	NA	NA	NA	NA
2004	168	NA	NA	NA	NA
2004	169	NA	NA	NA	NA
2004	170	NA	NA	NA	NA
2004	171	NA	NA	NA	NA
2004	172	NA	NA	NA	NA
2004	173	NA	NA	NA	NA
2004	174	NA	NA	NA	NA
2004	175	NA	NA	NA	NA
2004	176	NA	NA	NA	NA
2004	177	NA	NA	NA	NA
2004	178	NA	NA	NA	NA
2004	179	NA	NA	NA	NA
2004	180	NA	NA	NA	NA
2004	181	NA	NA	NA	NA
2004	182	NA	NA	NA	NA
2004	183	NA	NA	NA	NA
2004	184	NA	NA	NA	NA
2004	185	NA	NA	NA	NA
2004	186	NA	NA	NA	NA
2004	187	NA	NA	NA	NA
2004	188	NA	NA	NA	NA
2004	189	NA	NA	NA	NA
2004	190	NA	NA	NA	NA
2004	191	NA	NA	NA	NA
2004	192	NA	NA	NA	NA
2004	193	NA	NA	NA	NA
2004	194	NA	NA	NA	NA
2004	195	NA	NA	NA	NA
2004	196	NA	NA	NA	NA
2004	197	NA	NA	NA	NA
2004	198	NA	NA	NA	NA
2004	199	NA	NA	NA	NA
2004	200	NA	NA	NA	NA
2004	201	NA	NA	NA	NA
2004	202	NA	NA	NA	NA
2004	203	NA	NA	NA	NA
2004	204	NA	NA	NA	NA
2004	205	NA	NA	NA	NA
2004	206	NA	NA	NA	NA
2004	207	NA	NA	NA	NA
2004	208	NA	NA	NA	NA
2004	209	NA	NA	NA	NA
2004	210	NA	NA	NA	NA
2004	211	NA	NA	NA	NA
2004	212	NA	NA	NA	NA
2004	213	NA	NA	NA	NA
2004	214	NA	NA	NA	NA
2004	215	NA	NA	NA	NA
2004	216	NA	NA	NA	NA
2004	217	NA	NA	NA	NA
2004	218	NA	NA	NA	NA
2004	219	NA	NA	NA	NA
2004	220	NA	NA	NA	NA
2004	221	NA	NA	NA	NA
2004	222	NA	NA	NA	NA
2004	223	NA	NA	NA	NA
2004	224	NA	NA	NA	NA
2004	225	NA	NA	NA	NA
2004	226	NA	NA	NA	NA
2004	227	NA	NA	NA	NA
2004	228	NA	NA	NA	NA
2004	229	NA	NA	NA	NA
2004	230	NA	NA	NA	NA
2004	231	NA	NA	NA	NA
2004	232	NA	NA	NA	NA
2004	233	NA	NA	NA	NA
2004	234	NA	NA	NA	NA
2004	235	NA	NA	NA	NA
2004	236	NA	NA	NA	NA
2004	237	NA	NA	NA	NA
2004	238	NA	NA	NA	NA
2004	239	NA	NA	NA	NA
2004	240	NA	NA	NA	NA
2004	241	NA	NA	NA	NA
2004	242	NA	NA	NA	NA
2004	243	NA	NA	NA	NA
2004	244	NA	NA	NA	NA
2004	245	NA	NA	NA	NA
2004	246	NA	NA	NA	NA
2004	247	NA	NA	NA	NA
2004	248	NA	NA	NA	NA
2004	249	NA	NA	NA	NA
2004	250	NA	NA	NA	NA
2004	251	NA	NA	NA	NA
2004	252	NA	NA	NA	NA
2004	253	NA	NA	NA	NA
2004	254	NA	NA	NA	NA
2004	255	NA	NA	NA	NA
2004	256	NA	NA	NA	NA
2004	257	NA	NA	NA	NA
2004	258	NA	NA	NA	NA
2004	259	NA	NA	NA	NA
2004	260	NA	NA	NA	NA
2004	261	NA	NA	NA	NA
2004	262	NA	NA	NA	NA
2004	263	NA	NA	NA	NA
2004	264	NA	NA	NA	NA
2004	265	NA	NA	NA	NA
2004	266	NA	NA	NA	NA
2004	267	NA	NA	NA	NA
2004	268	NA	NA	NA	NA
2004	269	NA	NA	NA	NA
2004	270	NA	NA	NA	NA
2004	271	NA	NA	NA	NA
2004	272	NA	NA	NA	NA
2004	273	NA	NA	NA	NA
2004	274	NA	NA	NA	NA
2004	275	NA	NA	NA	NA
2004	276	NA	NA	NA	NA
2004	277	NA	NA	NA	NA
2004	278	NA	NA	NA	NA
2004	279	NA	NA	NA	NA
2004	280	NA	NA	NA	NA
2004	281	NA	NA	NA	NA
2004	282	NA	NA	NA	NA
2004	283	NA	NA	NA	NA
2004	284	NA	NA	NA	NA
2004	285	NA	NA	NA	NA
2004	286	NA	NA	NA	NA
2004	287	NA	NA	NA	NA
2004	288	NA	NA	NA	NA
2004	289	NA	NA	NA	NA
2004	290	NA	NA	NA	NA
2004	291	NA	NA	NA	NA
2004	292	NA	NA	NA	NA
2004	293	NA	NA	NA	NA
2004	294	NA	NA	NA	NA
2004	295	NA	NA	NA	NA
2004	296	NA	NA	NA	NA
2004	297	NA	NA	NA	NA
2004	298	NA	NA	NA	NA
2004	299	NA	NA	NA	NA
2004	300	NA	NA	NA	NA
2004	301	NA	NA	NA	NA
2004	302	NA	NA	NA	NA
2004	303	NA	NA	NA	NA
2004	304	NA	NA	NA	NA
2004	305	NA	NA	NA	NA
2004	306	NA	NA	NA	NA
2004	307	NA	NA	NA	NA
2004	308	NA	NA	NA	NA
2004	309	NA	NA	NA	NA
2004	310	NA	NA	NA	NA
2004	311	NA	NA	NA	NA
2004	312	NA	NA	NA	NA
2004	313	NA	NA	NA	NA
2004	314	NA	NA	NA	NA
2004	315	NA	NA	NA	NA
2004	316	NA	NA	NA	NA
2004	317	NA	NA	NA	NA
2004	318	NA	NA	NA	NA
2004	319	NA	NA	NA	NA
2004	320	NA	NA	NA	NA
2004	321	NA	NA	NA	NA
2004	322	NA	NA	NA	NA
2004	323	NA	NA	NA	NA
2004	324	NA	NA	NA	NA
2004	325	NA	NA	NA	NA
2004	326	NA	NA	NA	NA
2004	327	NA	NA	NA	NA
2004	328	NA	NA	NA	NA
2004	329	NA	NA	NA	NA
2004	330	NA	NA	NA	NA
2004	331	NA	NA	NA	NA
2004	332	NA	NA	NA	NA
2004	333	NA	NA	NA	NA
2004	334	NA	NA	NA	NA
2004	335	NA	NA	NA	NA
2004	336	NA	NA	NA	NA
2004	337	NA	NA	NA	NA
2004	338	NA	NA	NA	NA
2004	339	NA	NA	NA	NA
2004	340	NA	NA	NA	NA
2004	341	NA	NA	NA	NA
2004	342	NA	NA	NA	NA
2004	343	NA	NA	NA	NA
2004	344	NA	NA	NA	NA
2004	345	NA	NA	NA	NA
2004	346	NA	NA	NA	NA
2004	347	NA	NA	NA	NA
2004	348	NA	NA	NA	NA
2004	349	NA	NA	NA	NA
2004	350	NA	NA	NA	NA
2004	351	NA	NA	NA	NA
2004	352	NA	NA	NA	NA
2004	353	NA	NA	NA	NA
2004	354	NA	NA	NA	NA
2004	355	NA	NA	NA	NA
2004	356	NA	NA	NA	NA
2004	357	NA	NA	NA	NA
2004	358	NA	NA	NA	NA
2004	359	NA	NA	NA	NA
2004	360	NA	NA	NA	NA
2004	361	NA	NA	NA	NA
2004	362	NA	NA	NA	NA
2004	363	NA	NA	NA	NA
2004	364	NA	NA	NA	NA
2004	365	NA	NA	NA	NA
2004	366	NA	NA	NA	NA
2005	1	NA	NA	NA	NA
2005	2	NA	NA	NA	NA
2005	3	NA	NA	NA	NA
2005	4	NA	NA	NA	NA
2005	5	NA	NA	NA	NA
2005	6	NA	NA	NA	NA
2005	7	NA	NA	NA	NA
2005	8	NA	NA	NA	NA
2005	9	NA	NA	NA	NA
2005	10	NA	NA	NA	NA
2005	11	NA	NA	NA	NA
2005	12	NA	NA	NA	NA
2005	13	NA	NA	NA	NA
2005	14	NA	NA	NA	NA
2005	15	NA	NA	NA	NA
2005	16	NA	NA	NA	NA
2005	17	NA	NA	NA	NA
2005	18	NA	NA	NA	NA
2005	19	NA	NA	NA	NA
2005	20	NA	NA	NA	NA
2005	21	NA	NA	NA	NA
2005	22	NA	NA	NA	NA
2005	23	NA	NA	NA	NA
2005	24	NA	NA	NA	NA
2005	25	NA	NA	NA	NA
2005	26	NA	NA	NA	NA
2005	27	NA	NA	NA	NA
2005	28	NA	NA	NA	NA
2005	29	NA	NA	NA	NA
2005	30	NA	NA	NA	NA
2005	31	NA	NA	NA	NA
2005	32	NA	NA	NA	NA
2005	33	NA	NA	NA	NA
2005	34	NA	NA	NA	NA
2005	35	NA	NA	NA	NA
2005	36	NA	NA	NA	NA
2005	37	NA	NA	NA	NA
2005	38	NA	NA	NA	NA
2005	39	NA	NA	NA	NA
2005	40	NA	NA	NA	NA
2005	41	NA	NA	NA	NA
2005	42	NA	NA	NA	NA
2005	43	NA	NA	NA	NA
2005	44	NA	NA	NA	NA
2005	45	NA	NA	NA	NA
2005	46	NA	NA	NA	NA
2005	47	NA	NA	NA	NA
2005	48	NA	NA	NA	NA
2005	49	NA	NA	NA	NA
2005	50	NA	NA	NA	NA
2005	51	NA	NA	NA	NA
2005	52	NA	NA	NA	NA
2005	53	NA	NA	NA	NA
2005	54	NA	NA	NA	NA
2005	55	NA	NA	NA	NA
2005	56	NA	NA	NA	NA
2005	57	NA	NA	NA	NA
2005	58	NA	NA	NA	NA
2005	59	NA	NA	NA	NA
2005	60	NA	NA	NA	NA
2005	61	NA	NA	NA	NA
2005	62	NA	NA	NA	NA
2005	63	NA	NA	NA	NA
2005	64	NA	NA	NA	NA
2005	65	NA	NA	NA	NA
2005	66	NA	NA	NA	NA
2005	67	NA	NA	NA	NA
2005	68	NA	NA	NA	NA
2005	69	NA	NA	NA	NA
2005	70	NA	NA	NA	NA
2005	71	NA	NA	NA	NA
2005	72	NA	NA	NA	NA
2005	73	NA	NA	NA	NA
2005	74	NA	NA	NA	NA
2005	75	NA	NA	NA	NA
2005	76	NA	NA	NA	NA
2005	77	NA	NA	NA	NA
2005	78	NA	NA	NA	NA
2005	79	NA	NA	NA	NA
2005	80	NA	NA	NA	NA
2005	81	NA	NA	NA	NA
2005	82	NA	NA	NA	NA
2005	83	NA	NA	NA	NA
2005	84	NA	NA	NA	NA
2005	85	NA	NA	NA	NA
2005	86	NA	NA	NA	NA
2005	87	NA	NA	NA	NA
2005	88	NA	NA	NA	NA
2005	89	NA	NA	NA	NA
2005	90	NA	NA	NA	NA
2005	91	NA	NA	NA	NA
2005	92	NA	NA	NA	NA
2005	93	NA	NA	NA	NA
2005	94	NA	NA	NA	NA
2005	95	NA	NA	NA	NA
2005	96	NA	NA	NA	NA
2005	97	NA	NA	NA	NA
2005	98	NA	NA	NA	NA
2005	99	NA	NA	NA	NA
2005	100	NA	NA	NA	NA
2005	101	NA	NA	NA	NA
2005	102	NA	NA	NA	NA
2005	103	NA	NA	NA	NA
2005	104	NA	NA	NA	NA
2005	105	NA	NA	NA	NA
2005	106	NA	NA	NA	NA
2005	107	NA	NA	NA	NA
2005	108	NA	NA	NA	NA
2005	109	NA	NA	NA	NA
2005	110	NA	NA	NA	NA
2005	111	NA	NA	NA	NA
2005	112	NA	NA	NA	NA
2005	113	NA	NA	NA	NA
2005	114	NA	NA	NA	NA
2005	115	NA	NA	NA	NA
2005	116	NA	NA	NA	NA
2005	117	NA	NA	NA	NA
2005	118	NA	NA	NA	NA
2005	119	NA	NA	NA	NA
2005	120	NA	NA	NA	NA
2005	121	NA	NA	NA	NA
2005	122	NA	NA	NA	NA
2005	123	NA	NA	NA	NA
2005	124	NA	NA	NA	NA
2005	125	NA	NA	NA	NA
2005	126	NA	NA	NA	NA
2005	127	NA	NA	NA	NA
2005	128	NA	NA	NA	NA
2005	129	NA	NA	NA	NA
2005	130	NA	NA	NA	NA
2005	131	NA	NA	NA	NA
2005	132	NA	NA	NA	NA
2005	133	NA	NA	NA	NA
2005	134	NA	NA	NA	NA
2005	135	NA	NA	NA	NA
2005	136	NA	NA	NA	NA
2005	137	NA	NA	NA	NA
2005	138	NA	NA	NA	NA
2005	139	NA	NA	NA	NA
2005	140	NA	NA	NA	NA
2005	141	NA	NA	NA	NA
2005	142	NA	NA	NA	NA
2005	143	NA	NA	NA	NA
2005	144	NA	NA	NA	NA
2005	145	NA	NA	NA	NA
2005	146	NA	NA	NA	NA
2005	147	NA	NA	NA	NA
2005	148	NA	NA	NA	NA
2005	149	NA	NA	NA	NA
2005	150	NA	NA	NA	NA
2005	151	NA	NA	NA	NA
2005	152	NA	NA	NA	NA
2005	153	NA	NA	NA	NA
2005	154	NA	NA	NA	NA
2005	155	NA	NA	NA	NA
2005	156	NA	NA	NA	NA
2005	157	NA	NA	NA	NA
2005	158	NA	NA	NA	NA
2005	159	NA	NA	NA	NA
2005	160	NA	NA	NA	NA
2005	161	NA	NA	NA	NA
2005	162	NA	NA	NA	NA
2005	163	NA	NA	NA	NA
2005	164	NA	NA	NA	NA
2005	165	NA	NA	NA	NA
2005	166	NA	NA	NA	NA
2005	167	NA	NA	NA	NA
2005	168	NA	NA	NA	NA
2005	169	NA	NA	NA	NA
2005	170	NA	NA	NA	NA
2005	171	NA	NA	NA	NA
2005	172	NA	NA	NA	NA
2005	173	NA	NA	NA	NA
2005	174	NA	NA	NA	NA
2005	175	NA	NA	NA	NA
2005	176	NA	NA	NA	NA
2005	177	NA	NA	NA	NA
2005	178	NA	NA	NA	NA
2005	179	NA	NA	NA	NA
2005	180	NA	NA	NA	NA
2005	181	NA	NA	NA	NA
2005	182	NA	NA	NA	NA
2005	183	NA	NA	NA	NA
2005	184	NA	NA	NA	NA
2005	185	NA	NA	NA	NA
2005	186	NA	NA	NA	NA
2005	187	NA	NA	NA	NA
2005	188	NA	NA	NA	NA
2005	189	NA	NA	NA	NA
2005	190	NA	NA	NA	NA
2005	191	NA	NA	NA	NA
2005	192	NA	NA	NA	NA
2005	193	NA	NA	NA	NA
2005	194	NA	NA	NA	NA
2005	195	NA	NA	NA	NA
2005	196	NA	NA	NA	NA
2005	197	NA	NA	NA	NA
2005	198	NA	NA	NA	NA
2005	199	NA	NA	NA	NA
2005	200	NA	NA	NA	NA
2005	201	NA	NA	NA	NA
2005	202	NA	NA	NA	NA
2005	203	NA	NA	NA	NA
2005	204	NA	NA	NA	NA
2005	205	NA	NA	NA	NA
2005	206	NA	NA	NA	NA
2005	207	NA	NA	NA	NA
2005	208	NA	NA	NA	NA
2005	209	NA	NA	NA	NA
2005	210	NA	NA	NA	NA
2005	211	NA	NA	NA	NA
2005	212	NA	NA	NA	NA
2005	213	NA	NA	NA	NA
2005	214	NA	NA	NA	NA
2005	215	NA	NA	NA	NA
2005	216	NA	NA	NA	NA
2005	217	NA	NA	NA	NA
2005	218	NA	NA	NA	NA
2005	219	NA	NA	NA	NA
2005	220	NA	NA	NA	NA
2005	221	NA	NA	NA	NA
2005	222	NA	NA	NA	NA
2005	223	NA	NA	NA	NA
2005	224	NA	NA	NA	NA
2005	225	NA	NA	NA	NA
2005	226	NA	NA	NA	NA
2005	227	NA	NA	NA	NA
2005	228	NA	NA	NA	NA
2005	229	NA	NA	NA	NA
2005	230	NA	NA	NA	NA
2005	231	NA	NA	NA	NA
2005	232	NA	NA	NA	NA
2005	233	NA	NA	NA	NA
2005	234	NA	NA	NA	NA
2005	235	NA	NA	NA	NA
2005	236	NA	NA	NA	NA
2005	237	NA	NA	NA	NA
2005	238	NA	NA	NA	NA
2005	239	NA	NA	NA	NA
2005	240	NA	NA	NA	NA
2005	241	NA	NA	NA	NA
2005	242	NA	NA	NA	NA
2005	243	NA	NA	NA	NA
2005	244	NA	NA	NA	NA
2005	245	NA	NA	NA	NA
2005	246	NA	NA	NA	NA
2005	247	NA	NA	NA	NA
2005	248	NA	NA	NA	NA
2005	249	NA	NA	NA	NA
2005	250	NA	NA	NA	NA
2005	251	NA	NA	NA	NA
2005	252	NA	NA	NA	NA
2005	253	NA	NA	NA	NA
2005	254	NA	NA	NA	NA
2005	255	NA	NA	NA	NA
2005	256	NA	NA	NA	NA
2005	257	NA	NA	NA	NA
2005	258	NA	NA	NA	NA
2005	259	NA	NA	NA	NA
2005	260	NA	NA	NA	NA
2005	261	NA	NA	NA	NA
2005	262	NA	NA	NA	NA
2005	263	NA	NA	NA	NA
2005	264	NA	NA	NA	NA
2005	265	NA	NA	NA	NA
2005	266	NA	NA	NA	NA
2005	267	NA	NA	NA	NA
2005	268	NA	NA	NA	NA
2005	269	NA	NA	NA	NA
2005	270	NA	NA	NA	NA
2005	271	NA	NA	NA	NA
2005	272	NA	NA	NA	NA
2005	273	NA	NA	NA	NA
2005	274	NA	NA	NA	NA
2005	275	NA	NA	NA	NA
2005	276	NA	NA	NA	NA
2005	277	NA	NA	NA	NA
2005	278	NA	NA	NA	NA
2005	279	NA	NA	NA	NA
2005	280	NA	NA	NA	NA
2005	281	NA	NA	NA	NA
2005	282	NA	NA	NA	NA
2005	283	NA	NA	NA	NA
2005	284	NA	NA	NA	NA
2005	285	NA	NA	NA	NA
2005	286	NA	NA	NA	NA
2005	287	NA	NA	NA	NA
2005	288	NA	NA	NA	NA
2005	289	NA	NA	NA	NA
2005	290	NA	NA	NA	NA
2005	291	NA	NA	NA	NA
2005	292	NA	NA	NA	NA
2005	293	NA	NA	NA	NA
2005	294	NA	NA	NA	NA
2005	295	NA	NA	NA	NA
2005	296	NA	NA	NA	NA
2005	297	NA	NA	NA	NA
2005	298	NA	NA	NA	NA
2005	299	NA	NA	NA	NA
2005	300	NA	NA	NA	NA
2005	301	NA	NA	NA	NA
2005	302	NA	NA	NA	NA
2005	303	NA	NA	NA	NA
2005	304	NA	NA	NA	NA
2005	305	NA	NA	NA	NA
2005	306	NA	NA	NA	NA
2005	307	NA	NA	NA	NA
2005	308	NA	NA	NA	NA
2005	309	NA	NA	NA	NA
2005	310	NA	NA	NA	NA
2005	311	NA	NA	NA	NA
2005	312	NA	NA	NA	NA
2005	313	NA	NA	NA	NA
2005	314	NA	NA	NA	NA
2005	315	NA	NA	NA	NA
2005	316	NA	NA	NA	NA
2005	317	NA	NA	NA	NA
2005	318	NA	NA	NA	NA
2005	319	NA	NA	NA	NA
2005	320	NA	NA	NA	NA
2005	321	NA	NA	NA	NA
2005	322	NA	NA	NA	NA
2005	323	NA	NA	NA	NA
2005	324	NA	NA	NA	NA
2005	325	NA	NA	NA	NA
2005	326	NA	NA	NA	NA
2005	327	NA	NA	NA	NA
2005	328	NA	NA	NA	NA
2005	329	NA	NA	NA	NA
2005	330	NA	NA	NA	NA
2005	331	NA	NA	NA	NA
2005	332	NA	NA	NA	NA
2005	333	NA	NA	NA	NA
2005	334	NA	NA	NA	NA
2005	335	NA	NA	NA	NA
2005	336	NA	NA	NA	NA
2005	337	NA	NA	NA	NA
2005	338	NA	NA	NA	NA
2005	339	NA	NA	NA	NA
2005	340	NA	NA	NA	NA
2005	341	NA	NA	NA	NA
2005	342	NA	NA	NA	NA
2005	343	NA	NA	NA	NA
2005	344	NA	NA	NA	NA
2005	345	NA	NA	NA	NA
2005	346	NA	NA	NA	NA
2005	347	NA	NA	NA	NA
2005	348	NA	NA	NA	NA
2005	349	NA	NA	NA	NA
2005	350	NA	NA	NA	NA
2005	351	NA	NA	NA	NA
2005	352	NA	NA	NA	NA
2005	353	NA	NA	NA	NA
2005	354	NA	NA	NA	NA
2005	355	NA	NA	NA	NA
2005	356	NA	NA	NA	NA
2005	357	NA	NA	NA	NA
2005	358	NA	NA	NA	NA
2005	359	NA	NA	NA	NA
2005	360	NA	NA	NA	NA
2005	361	NA	NA	NA	NA
2005	362	NA	NA	NA	NA
2005	363	NA	NA	NA	NA
2005	364	NA	NA	NA	NA
2005	365	NA	NA	NA	NA
2006	1	0.235	0.1525	0.0825	0.01464998
2006	2	0.31	0.3725	-0.0625	0.099410577
2006	3	0.285	0.3225	-0.0375	-0.005580945
2006	4	0.265	0.265	-8.67E-19	0.104293904
2006	5	0.38	0.3575	0.025	0.142662899
2006	6	0.205	0.29	-0.0925	-0.056507065
2006	7	0.165	0.29	-0.125	0.010464271
2006	8	0.205	0.3125	-0.115	0.070459427
2006	9	0.135	0.3075	-0.17	0.011161889
2006	10	0.465	0.57	-0.1	0.068715382
2006	11	0.535	0.71	-0.175	0.136733145
2006	12	0.655	0.595	0.06	0.231609205
2006	13	0.395	0.27	0.1275	-0.108828421
2006	14	0.445	0.345	0.1025	0.010464271
2006	15	0.295	0.315	-0.02	-0.011510698
2006	16	0.1	0.3025	-0.205	0.019184497
2006	17	0.035	0.355	-0.32	0.252886556
2006	18	0	0.315	-0.31	0.004534518
2006	19	0	0.5475	-0.5475	-0.01081308
2006	20	0	0.4675	-0.4675	0.003139281
2006	21	0	0.055	-0.0525	-0.013254744
2006	22	0.02	0.53	-0.515	0.155220024
2006	23	0.255	0.605	-0.35	0.036973759
2006	24	0.32	0.23	0.0875	-0.022672588
2006	25	0.255	0.24	0.0175	0.001046427
2006	26	0.435	0.505	-0.07	0.027904723
2006	27	0.41	0.3	0.1075	0.261606782
2006	28	0.205	0.46	-0.255	-0.05825111
2006	29	0.25	0.2975	-0.0475	-0.043949939
2006	30	0.19	0.4025	-0.215	-0.085109407
2006	31	0.06	0.225	-0.1675	-0.008720226
2006	32	0.12	0.195	-0.07	0.141965281
2006	33	0.11	0.13	-0.02	0.085807025
2006	34	0.03	0.8575	-0.83	-0.003836899
2006	35	0.02	1.0375	-1.015	0.000348809
2006	36	0	1.1675	-1.1675	0.006627372
2006	37	0.05	0.975	-0.9275	0.000697618
2006	38	0.12	0.345	-0.225	0.04360113
2006	39	0.24	0.21	0.025	0.044647558
2006	40	0.22	0.255	-0.035	0.037322568
2006	41	0.23	0.15	0.0825	-0.026509487
2006	42	0.15	0.2825	-0.135	0.015696407
2006	43	0.23	0.075	0.16	0.045693985
2006	44	0.5	0.255	0.24	-0.001046427
2006	45	0.18	0.3	-0.1125	-0.047089221
2006	46	0.505	0.51	0	0.023370206
2006	47	0.51	0.56	-0.05	0.365900686
2006	48	0.2	0.295	-0.0975	0.02197497
2006	49	0.09	-0.005	0.09	0.002441663
2006	50	0.1	0.315	-0.21	0.038020186
2006	51	0.06	0.3075	-0.2425	0.04011304
2006	52	0.09	0.265	-0.1725	0.041508276
2006	53	0.255	0.2425	0.0125	0.086155834
2006	54	0.435	0.2525	0.1825	0.125222447
2006	55	0.505	0.37	0.14	0.30625434
2006	56	0.24	0.425	-0.185	0.012557126
2006	57	0.13	0.2025	-0.065	0.041857085
2006	58	0.16	0.11	0.05	-0.005232136
2006	59	0.12	0.27	-0.1525	0.033834477
2006	60	0.325	0.075	0.25	0.032090432
2006	61	0.155	0.0375	0.115	0.022672588
2006	62	0	0.5075	-0.5075	0.031741623
2006	63	0.005	0.055	-0.05	0.071505854
2006	64	0.01	0.6575	-0.6425	0.066971336
2006	65	0.01	0.4625	-0.455	0.041159467
2006	66	0.015	0.4225	-0.41	0.006278563
2006	67	0.08	0.22	-0.1325	0.004534518
2006	68	0.14	0.2775	-0.14	0.066622527
2006	69	0.23	0.24	-0.01	0.260560355
2006	70	0.315	0.2575	0.055	0.261606782
2006	71	0.48	0.22	0.2625	-0.016394025
2006	72	0.33	0.3875	-0.055	0.080574889
2006	73	0.335	0.55	-0.22	0.068715382
2006	74	0.315	0.3	0.025	0.154871215
2006	75	0.55	0.285	0.27	0.032439241
2006	76	0.595	0.38	0.2125	0.078830844
2006	77	0.44	0.34	0.1	0.735289463
2006	78	0.225	0.3875	-0.1625	0.343228099
2006	79	0.165	0.33	-0.1675	0.086155834
2006	80	0.25	0.34	-0.0825	0.061390392
2006	81	0.26	0.29	-0.035	0.063832055
2006	82	0.325	0.28	0.045	0.137430763
2006	83	0.315	0.2825	0.035	0.230213969
2006	84	0.18	0.28	-0.1	0.167079532
2006	85	0.215	0.3275	-0.115	0.10220105
2006	86	0.18	0.245	-0.0675	0.230562778
2006	87	0.17	0.2975	-0.125	0.053367784
2006	88	0.165	0.3575	-0.19	0.223237788
2006	89	0.14	0.345	-0.205	0.04360113
2006	90	0.12	0.39	-0.2675	0.176497376
2006	91	0.245	0.26	-0.01	0.203355672
2006	92	0.245	0.38	-0.135	0.720988292
2006	93	0.31	0.33	-0.0175	0.399037545
2006	94	0.34	0.2675	0.075	0.463567218
2006	95	0.37	0.35	0.0175	0.445080339
2006	96	0.42	0.2875	0.13	0.542049253
2006	97	0.435	0.4	0.0375	0.339740008
2006	98	0.36	0.3375	0.0225	0.187659265
2006	99	0.575	0.465	0.11	0.206494954
2006	100	0.71	0.4225	0.285	0.273117481
2006	101	0.615	0.455	0.16	0.162893823
2006	102	0.62	0.5175	0.1025	0.149987889
2006	103	0.63	0.665	-0.03	0.419966088
2006	104	0.64	0.52	0.125	0.233702059
2006	105	0.58	0.525	0.0575	0.153824788
2006	106	0.645	0.535	0.11	0.14963908
2006	107	0.89	0.46	0.43	0.223237788
2006	108	0.84	0.3375	0.5025	0.406013726
2006	109	0.875	0.335	0.5375	0.350204279
2006	110	0.94	0.3125	0.63	0.643203876
2006	111	0.87	0.3675	0.5025	0.20789019
2006	112	0.91	0.37	0.5375	0.321950747
2006	113	0.895	0.5775	0.3175	0.695525232
2006	114	1.135	0.095	1.0375	0.171962858
2006	115	1.115	0.355	0.76	0.2623044
2006	116	1.305	0.075	1.225	0.355436415
2006	117	1.225	-0.185	1.405	0.402525636
2006	118	1.17	-0.295	1.475	0.70005975
2006	119	1.205	-0.215	1.4275	0.705989503
2006	120	1.425	-0.065	1.49	0.928529673
2006	121	1.605	-0.205	1.8075	0.732498991
2006	122	1.775	-0.395	2.165	0.709477594
2006	123	1.73	-0.43	2.16	0.423105369
2006	124	1.57	-1.0925	2.6625	0.252537747
2006	125	1.885	-0.94	2.825	0.350901897
2006	126	2.165	-0.665	2.83	0.715058539
2006	127	2.275	-0.91	3.185	0.936552281
2006	128	1.685	-1.21	2.8925	1.115142511
2006	129	0.92	-1.5925	2.5075	0.677387162
2006	130	1.35	-1.0525	2.4025	0.837490513
2006	131	1.225	-1.5275	2.755	0.726220428
2006	132	1.04	-0.76	1.8	0.548676625
2006	133	1.205	-0.9	2.11	1.031428341
2006	134	0.885	-0.715	1.6	1.421048042
2006	135	0.64	-0.375	1.015	1.216645943
2006	136	0.615	-0.12	0.73	0.728313282
2006	137	0.715	-0.5875	1.3	0.879347598
2006	138	0.99	-1	1.995	0.675294308
2006	139	1.445	-0.6575	2.1025	0.974572467
2006	140	1.985	-0.82	2.8075	1.271757771
2006	141	2.155	-1.705	3.8575	1.155953169
2006	142	2.355	-1.86	4.215	1.169905531
2006	143	2.37	-1.955	4.32	1.350239806
2006	144	1.585	0.44	1.15	0.988176019
2006	145	1.31	-0.45	1.76	1.543828825
2006	146	1.295	-1.31	2.605	1.229900686
2006	147	1.45	-0.98	2.4325	0.675294308
2006	148	1.56	-1.12	2.685	0.98050222
2006	149	1.945	-1.72	3.6725	1.668702463
2006	150	1.665	-0.46	2.125	0.705640694
2006	151	1.6	-0.54	2.14	0.982595075
2006	152	1.81	-0.62	2.435	0.857023819
2006	153	2.51	-1.265	3.775	1.35965765
2006	154	3.31	-1.485	4.795	1.441278966
2006	155	2.73	-1.3025	4.0375	1.686840533
2006	156	2.335	-2.0975	4.43	1.519063383
2006	157	2.57	-2.1875	4.755	1.215599516
2006	158	3.3	-2.68	5.98	1.64428583
2006	159	3.465	-1.575	5.0425	1.559176423
2006	160	3.43	-1.615	5.045	1.504762212
2006	161	3.045	-1.7975	4.845	1.268967299
2006	162	3.635	-1.7625	5.395	1.515575293
2006	163	5.345	-0.665	6.0075	1.651959629
2006	164	6.34	0.5975	5.745	2.226099314
2006	165	4.365	-1.43	5.79	2.122503028
2006	166	3.65	-2.79	6.44	2.052043601
2006	167	4.38	-2.2025	6.58	1.605568026
2006	168	4.27	-1.445	5.715	1.204437626
2006	169	4.73	-1.9	6.6225	1.866825999
2006	170	5.04	-0.8	5.8425	2.98580541
2006	171	5.19	-0.7975	5.995	1.918100929
2006	172	4.86	-0.45	5.31	2.435035931
2006	173	4.98	-1.385	6.365	2.044020993
2006	174	4.65	-1.5825	6.235	3.297989503
2006	175	4.025	-2.015	6.04	2.474451352
2006	176	4.505	-1.885	6.39	2.511425111
2006	177	3.695	-1.72	5.4175	2.242493339
2006	178	3.625	-2.5975	6.2175	1.931006863
2006	179	3.99	-2.48	6.47	1.441627776
2006	180	3.61	-3.0425	6.66	1.314312475
2006	181	4.355	-1.595	5.95	1.270711344
2006	182	5.12	-0.5	5.625	1.470230117
2006	183	5.45	-0.4575	5.9075	1.300011304
2006	184	5.66	-0.0725	5.7325	1.579058539
2006	185	3.98	-0.64	4.615	2.311906338
2006	186	3.705	-1.6475	5.35	1.83368914
2006	187	4.79	-1.1775	5.97	1.791134437
2006	188	5.345	-0.6375	5.98	1.613241825
2006	189	5.84	0.735	5.105	1.675329834
2006	190	5.74	0.405	5.335	1.608707307
2006	191	5.76	-0.345	6.0975	3.436117885
2006	192	5.42	0.955	4.465	2.62478805
2006	193	4.85	0.305	4.55	2.248771901
2006	194	4.865	1.345	3.52	1.880080743
2006	195	5.06	-1.545	6.605	3.008477998
2006	196	4.23	-1.77	6	1.920891401
2006	197	4.76	-1.555	6.3075	2.250515947
2006	198	5.2	-0.62	5.82	2.405387162
2006	199	3.925	-1.2425	5.1675	2.445849011
2006	200	3.37	-1.79	5.165	2.200636254
2006	201	3.15	-1.555	4.705	2.032859104
2006	202	3.06	-1.64	4.7	1.481740816
2006	203	3.695	-1.2725	4.965	1.852524828
2006	204	4.045	-0.1975	4.2425	1.975654421
2006	205	3.47	-1.8475	5.315	1.566152604
2006	206	3.135	-2.07	5.205	1.219785224
2006	207	2.86	-2.055	4.9225	1.071541381
2006	208	2.825	-2.3275	5.155	1.042241421
2006	209	3.01	-2.345	5.35	1.243853048
2006	210	3.25	-2.3575	5.6075	1.176881712
2006	211	3.995	-1.49	5.485	1.391748082
2006	212	4.985	-0.4575	5.4425	1.18839241
2006	213	5.58	-0.05	5.63	1.218389988
2006	214	4.92	-0.195	5.1175	0.899578522
2006	215	5.195	-0.1125	5.31	1.965538958
2006	216	4.83	-1.0125	5.845	1.269664917
2006	217	3.68	-2.0325	5.7125	1.088284215
2006	218	4.7	-0.2275	4.9325	1.265479209
2006	219	4.905	0.34	4.5625	2.142385143
2006	220	6.085	1.8375	4.25	2.460150182
2006	221	5.64	0.9575	4.685	1.295825595
2006	222	5.19	-0.1275	5.3225	1.135024627
2006	223	4.745	0.29	4.45	0.710524021
2006	224	4.725	0.26	4.465	0.724476383
2006	225	4.815	1.545	3.2725	1.202693581
2006	226	4.68	1.05	3.6275	1.197461445
2006	227	3.425	-0.5375	3.9625	0.685060961
2006	228	3.425	-0.74	4.165	0.57972063
2006	229	3.485	-0.0275	3.515	0.394503028
2006	230	3.525	0.7925	2.735	0.290557933
2006	231	3.26	-0.47	3.73	0.737731126
2006	232	4.29	0.36	3.9325	0.91492612
2006	233	5.085	1.2675	3.8175	1.346751716
2006	234	4.975	0.9125	4.065	0.844815503
2006	235	4.32	0.975	3.345	0.793889382
2006	236	3.75	0.7625	2.99	0.513795721
2006	237	3.63	1.2	2.4325	0.644250303
2006	238	3.525	1.1125	2.4075	0.314276948
2006	239	3.34	0.775	2.57	0.533329027
2006	240	3.21	0.585	2.625	0.598207509
2006	241	3.495	0.83	2.6625	0.499843359
2006	242	3.535	1.565	1.97	1.251178038
2006	243	3.59	1.78	1.81	0.83853694
2006	244	3.24	1.41	1.83	0.790401292
2006	245	3.295	1.99	1.305	0.993756964
2006	246	3.57	2.44	1.13	1.068402099
2006	247	4.38	1.0225	3.3625	1.045729512
2006	248	3.725	0.18	3.545	0.774356076
2006	249	2.925	1.08	1.8425	0.537165927
2006	250	2.615	2.155	0.4575	0.020928543
2006	251	2.525	1.7925	0.7325	0.523213565
2006	252	2.53	0.695	1.84	0.942133226
2006	253	2.905	-0.22	3.115	0.754125151
2006	254	2.785	-0.0525	2.8375	0.875859507
2006	255	3.285	1.055	2.23	0.660295519
2006	256	2.915	0.675	2.235	0.493215987
2006	257	1.8	-0.1825	1.9825	0.75447396
2006	258	2.07	0.1225	1.9475	0.65262172
2006	259	2.945	0.1375	2.8075	0.532980218
2006	260	3.785	1.785	2	0.854233347
2006	261	3.75	1.22	2.5375	0.936203472
2006	262	3.355	1.875	1.4825	0.437755349
2006	263	2.745	2.9175	-0.1725	0.306951958
2006	264	1.7	0.105	1.595	0.583906338
2006	265	1.955	0.33	1.625	0.720639483
2006	266	1.78	1.1175	0.665	0.030346387
2006	267	2.33	0.935	1.395	0.664830036
2006	268	1.76	-0.1525	1.9075	0.645994348
2006	269	1.64	0.78	0.8625	0.063832055
2006	270	1.28	-0.1275	1.4075	0.545886153
2006	271	1.15	0.0875	1.0675	0.384038757
2006	272	1.21	0.11	1.0975	0.174753331
2006	273	1.23	0.105	1.1225	0.253235365
2006	274	1.14	0.1925	0.9475	0.176148567
2006	275	1.18	0.7025	0.4775	0.237190149
2006	276	1.4	0.68	0.7175	0.329275737
2006	277	1.105	0.15	0.9575	0.566117077
2006	278	1.075	0.3125	0.7625	0.246259184
2006	279	1.19	0.22	0.9725	0.438104158
2006	280	1.4	0.82	0.585	0.22602826
2006	281	2.085	1.87	0.215	-0.128710537
2006	282	1.305	0.81	0.4925	0.987129592
2006	283	1.35	0.9225	0.43	0.284628179
2006	284	1.27	0.36	0.91	0.354738797
2006	285	1.4	0.205	1.1925	0.155917642
2006	286	1.285	0.585	0.7	0.22254017
2006	287	1.31	0.505	0.805	0.381597093
2006	288	0.97	0.495	0.475	0.440894631
2006	289	1.475	0.61	0.865	0.357878078
2006	290	1.005	0.74	0.265	0.485890997
2006	291	0.895	-0.045	0.94	0.431127977
2006	292	0.525	0.435	0.09	0.111967703
2006	293	0.235	0.42	-0.1825	-0.001395236
2006	294	0.365	0.67	-0.305	0.100457004
2006	295	0.415	0.29	0.1275	0.108479612
2006	296	0.26	0.41	-0.1525	0.078830844
2006	297	0.425	0.345	0.0775	0.01813807
2006	298	0.555	0.4575	0.095	0.203355672
2006	299	0.405	0.3925	0.0125	0.102549859
2006	300	0.395	0.39	0.005	0.184171175
2006	301	0.57	0.445	0.125	0.08371417
2006	302	0.275	0.3525	-0.08	0.012905935
2006	303	0.18	0.255	-0.075	-0.013603553
2006	304	0.16	0.4275	-0.2675	0.028253532
2006	305	0.11	0.605	-0.4975	-0.009069035
2006	306	0.095	0.5275	-0.435	0.002092854
2006	307	0.075	0.505	-0.43	0.004883327
2006	308	0.04	0.5075	-0.4625	-0.019184497
2006	309	0.16	0.18	-0.01	0.035927331
2006	310	0.165	0.2425	-0.08	0.048833266
2006	311	0.33	0.3075	0.0225	0.01813807
2006	312	0.22	0.27	-0.055	0.011859507
2006	313	0.26	0.2075	0.05	0.036973759
2006	314	0.22	0.2475	-0.025	0.029997578
2006	315	0.12	0.1225	-0.0025	0.004883327
2006	316	0.14	0.185	-0.045	0.01081308
2006	317	0.22	0.33	-0.11	0.003836899
2006	318	0.205	0.23	-0.025	-0.002441663
2006	319	0.365	0.18	0.185	0.027207105
2006	320	0.495	0.2925	0.2	0.054065402
2006	321	0.575	0.47	0.095	0.606927735
2006	322	0.81	0.765	0.05	0.089643924
2006	323	0.82	0.805	0.01	0.004534518
2006	324	0.75	0.8075	-0.0625	0.333112636
2006	325	0.84	0.9575	-0.11	0.384038757
2006	326	0.89	0.79	0.1	0.254979411
2006	327	0.92	0.825	0.1	-0.099759386
2006	328	0.765	0.795	-0.03	0.154522406
2006	329	0.785	0.81	-0.025	0.151383125
2006	330	0.915	0.815	0.1	0.354041179
2006	331	0.84	1.105	-0.265	0.532631409
2006	332	0.72	0.5025	0.215	0.118943884
2006	333	0.585	0.6925	-0.1075	0.315323375
2006	334	0.635	0.475	0.16	0.242771094
2006	335	0.44	0.3625	0.0775	0.041508276
2006	336	0.5	0.53	-0.0275	0.101852241
2006	337	0.465	0.4675	-0.0025	0.078133226
2006	338	0.39	0.41	-0.02	0.066622527
2006	339	0.38	0.425	-0.045	0.677735971
2006	340	0.33	0.305	0.03	0.326485264
2006	341	0.34	0.3075	0.0325	0.180334275
2006	342	0.3	0.34	-0.04	0.370435204
2006	343	0.565	0.3675	0.1975	0.170567622
2006	344	0.56	0.6825	-0.1175	0.23684134
2006	345	0.59	1.02	-0.43	-0.188008074
2006	346	0.58	1.005	-0.425	0.489379088
2006	347	0.63	1.13	-0.505	0.360668551
2006	348	0.475	0.67	-0.185	0.278349616
2006	349	0.37	0.41	-0.0425	0.147546225
2006	350	0.11	0.33	-0.22	0.014301171
2006	351	0.025	0.3175	-0.2925	0.034183286
2006	352	0.13	0.2925	-0.165	-0.034532095
2006	353	0.075	0.295	-0.22	-0.040461849
2006	354	0.235	0.455	-0.22	-0.043949939
2006	355	0.67	0.48	0.19	0.180334275
2006	356	0.62	0.92	-0.3	0.314974566
2006	357	0.375	0.34	0.04	0.11650222
2006	358	0.215	0.275	-0.06	-0.063832055
2006	359	0.14	0.3475	-0.2025	0.023719015
2006	360	0.455	0.52	-0.06	-0.007673799
2006	361	0.33	0.4	-0.07	0.28811627
2006	362	0.36	0.2375	0.1225	0.005232136
2006	363	0.29	0.2625	0.0275	0.039764231
2006	364	0.225	0.205	0.0125	-0.067668954
2006	365	0.485	0.39	0.09	-0.063483246
2007	1	0.33	0.2825	0.0475	-0.096620105
2007	2	0.23	0.23	-0.005	0.055809447
2007	3	0.195	0.205	-0.005	0.040810658
2007	4	0.25	0.25	0	0.102549859
2007	5	0.245	0.23	0.01	0.190798547
2007	6	0.155	0.325	-0.1675	0.026858296
2007	7	0.15	0.2075	-0.055	-0.144406944
2007	8	0.445	0.33	0.115	0.157661688
2007	9	0.535	0.57	-0.035	0.267885345
2007	10	0.46	0.615	-0.155	0.829119096
2007	11	0.08	0.3	-0.2175	0.082318934
2007	12	0.02	0.0975	-0.0775	-0.01081308
2007	13	0.29	0.205	0.08	-0.008022608
2007	14	0.08	0.04	0.0475	-0.082667743
2007	15	0.05	0.155	-0.105	-0.019184497
2007	16	0.165	0.15	0.015	-0.025811869
2007	17	0.16	0.32	-0.16	0.011859507
2007	18	0.175	0.17	0.005	-0.046740412
2007	19	0.155	0.0825	0.07	-0.04360113
2007	20	0.06	0.27	-0.2075	0.001046427
2007	21	0.035	0.255	-0.2175	-0.004883327
2007	22	0.01	0.0725	-0.0575	-0.10220105
2007	23	0.015	0.12	-0.1075	-0.004534518
2007	24	0.005	0.33	-0.3275	-0.001395236
2007	25	0.255	0.855	-0.605	0.461823173
2007	26	0.42	0.3	0.12	0.031044005
2007	27	0.23	0.12	0.1125	0.21137828
2007	28	0.1	0.305	-0.205	0.031392814
2007	29	0.005	0.195	-0.185	0.010115462
2007	30	0.01	0.3025	-0.2875	0.000348809
2007	31	0.02	0.05	-0.03	-0.006976181
2007	32	0.04	0.1175	-0.075	-0.012557126
2007	33	0.07	0.09	-0.02	0.064529673
2007	34	0.075	0.085	-0.0075	0.089295115
2007	35	0.03	0.1325	-0.1025	0.058599919
2007	36	0	0.165	-0.165	0.001395236
2007	37	0.005	-0.005	0.005	-0.01081308
2007	38	0.035	0.0775	-0.0375	-0.002092854
2007	39	0.015	0.135	-0.12	-0.011510698
2007	40	0.22	0.185	0.0325	-0.036973759
2007	41	0.295	0.17	0.1225	-0.090341542
2007	42	0.13	0.31	-0.18	-0.048484457
2007	43	0.095	0.125	-0.035	-0.027555914
2007	44	0.15	0.3675	-0.2175	0.042554703
2007	45	0.025	0.065	-0.0425	0.001744045
2007	46	0.005	0.1975	-0.1975	0.004883327
2007	47	0.055	0.08	-0.0225	0.012905935
2007	48	0.09	0.07	0.02	0.048484457
2007	49	0.015	0.1	-0.0825	0.004534518
2007	50	0.03	0.1	-0.07	-0.028253532
2007	51	0.035	0.06	-0.025	0.00732499
2007	52	0.055	0.165	-0.1125	0.012905935
2007	53	0.025	0.3875	-0.3575	0.022672588
2007	54	0.04	0.0775	-0.0375	-0.025811869
2007	55	0.085	0.15	-0.065	0.14231409
2007	56	0.125	0.17	-0.05	0.244863948
2007	57	0.095	0.09	0.005	0.08755107
2007	58	0.085	0.1725	-0.09	0.082667743
2007	59	0.06	0.0025	0.0575	0.132547436
2007	60	0.135	0.075	0.065	0.163242632
2007	61	0.26	0.34	-0.08	0.355087606
2007	62	0.215	0.295	-0.0825	0.165684296
2007	63	0.095	0.235	-0.1325	0.00732499
2007	64	0.095	0.43	-0.335	0.011859507
2007	65	0.215	0.2525	-0.0375	0.063483246
2007	66	0.24	0.2125	0.03	0.114060557
2007	67	0.31	0.14	0.165	0.265094873
2007	68	0.33	0.2375	0.0875	0.247305612
2007	69	0.36	0.19	0.1675	0.224284215
2007	70	0.355	0.18	0.18	0.384387566
2007	71	0.425	0.35	0.075	0.468101736
2007	72	0.435	0.3	0.1375	0.121036738
2007	73	0.505	0.2775	0.2275	0.203006863
2007	74	0.42	0.4075	0.0125	0.068017763
2007	75	0.495	0.325	0.1675	0.509610012
2007	76	0.37	0.275	0.095	0.355436415
2007	77	0.39	0.215	0.1725	0.511702866
2007	78	0.435	0.13	0.31	0.452754138
2007	79	0.42	0.2525	0.17	0.239631813
2007	80	0.34	0.3425	-0.005	0.067320145
2007	81	0.33	0.7575	-0.4275	0.174753331
2007	82	0.495	0.2975	0.195	0.093132015
2007	83	0.56	0.435	0.125	0.299975777
2007	84	0.665	0.38	0.285	0.069064191
2007	85	0.66	0.5875	0.07	0.068715382
2007	86	0.7	0.41	0.29	0.190100929
2007	87	0.655	0.6225	0.03	0.169521195
2007	88	0.655	0.625	0.03	0.425895842
2007	89	0.575	0.28	0.295	0.576930157
2007	90	0.465	0.625	-0.1575	0.453102947
2007	91	0.645	0.5225	0.1225	0.192891401
2007	92	0.69	0.52	0.17	0.509610012
2007	93	0.305	0.3425	-0.0375	0.3317174
2007	94	0.305	0.97	-0.665	0.555652806
2007	95	0.5	0.375	0.125	0.500540977
2007	96	0.45	0.415	0.035	0.325438837
2007	97	0.35	0.27	0.08	0.190100929
2007	98	0.37	0.325	0.045	0.149987889
2007	99	0.295	0.5125	-0.2175	0.114060557
2007	100	0.31	0.5725	-0.2625	0.651924102
2007	101	0.405	0.36	0.035	0.745404925
2007	102	0.505	0.245	0.26	0.708431167
2007	103	0.515	0.4975	0.0125	0.253584174
2007	104	0.675	0.375	0.3	0.186612838
2007	105	0.69	0.2325	0.455	0.108130803
2007	106	0.655	0.445	0.215	0.109177231
2007	107	0.575	0.1225	0.45	0.511005248
2007	108	0.445	0.25	0.195	0.166730723
2007	109	0.485	0.305	0.18	0.266838918
2007	110	0.495	0.125	0.37	0.322997174
2007	111	0.46	-0.26	0.7225	0.378457812
2007	112	0.595	0.2775	0.3175	0.666922891
2007	113	0.54	0.13	0.41	0.598556318
2007	114	0.625	-0.4075	1.03	0.798075091
2007	115	0.825	-0.1275	0.9525	0.118595075
2007	116	0.845	-0.2575	1.1025	0.231958014
2007	117	0.71	-0.27	0.98	0.688200242
2007	118	0.5	-0.07	0.575	0.665876463
2007	119	0.49	0.24	0.25	0.920158256
2007	120	0.415	0.0325	0.3825	0.438452967
2007	121	0.53	0.115	0.415	0.513795721
2007	122	0.59	-0.28	0.875	0.425547033
2007	123	0.615	-0.2475	0.86	0.43008155
2007	124	0.64	-0.35	0.9875	0.644250303
2007	125	0.68	0.145	0.535	0.485542188
2007	126	0.835	-0.4425	1.28	0.829816714
2007	127	0.8	0.1525	0.6525	0.625065805
2007	128	0.995	-0.275	1.27	0.910740412
2007	129	0.925	0.01	0.92	0.32439241
2007	130	0.805	-0.15	0.95	1.275245862
2007	131	0.73	-0.05	0.78	0.74749778
2007	132	0.725	-0.365	1.095	0.581115866
2007	133	0.84	-0.275	1.1175	0.482054098
2007	134	1.335	-0.24	1.575	0.86051191
2007	135	1.36	0.475	0.885	0.660993137
2007	136	1.475	-0.6275	2.1075	1.617776342
2007	137	1.48	-0.41	1.8925	1.088981833
2007	138	1.54	-0.9	2.44	1.528132418
2007	139	1.585	0.3375	1.25	0.897834477
2007	140	2.105	0.73	1.375	1.445813484
2007	141	2.35	-0.33	2.675	1.576965684
2007	142	1.985	-0.975	2.955	1.086191361
2007	143	1.655	-0.625	2.28	1.150721034
2007	144	1.465	-0.845	2.3075	1.575919257
2007	145	1.38	-1.3625	2.7375	1.535108599
2007	146	1.325	-0.75	2.0775	1.056542592
2007	147	1.47	-1.1675	2.6425	1.310126766
2007	148	1.48	-1.4475	2.925	1.456626564
2007	149	1.275	-1.8675	3.145	1.470927735
2007	150	1.33	-1.725	3.055	1.409537344
2007	151	0.99	-1.565	2.56	1.127350828
2007	152	1.235	-2.265	3.5	1.145837707
2007	153	1.925	-1.03	2.95	1.401514736
2007	154	2.105	-1.0975	3.205	1.523249092
2007	155	2.1	-1.7475	3.8475	1.301755349
2007	156	2.265	-1.275	3.5425	1.526039564
2007	157	1.735	-2.14	3.8775	1.022359306
2007	158	2.15	-1.82	3.9725	1.473369398
2007	159	1.84	-3.575	5.415	1.324427937
2007	160	2.085	-2.785	4.8675	1.272106581
2007	161	1.97	-3.2475	5.2175	1.302452967
2007	162	1.98	-1.4375	3.4175	1.260595882
2007	163	1.595	-1.83	3.43	1.312219621
2007	164	1.61	-2.1	3.705	1.201298345
2007	165	1.9	-2.965	4.8625	1.389655228
2007	166	2.22	-2.3475	4.5725	1.368726686
2007	167	2.1	-1.8575	3.96	1.105375858
2007	168	2.015	-1.675	3.69	1.270711344
2007	169	2.185	-2.7175	4.8975	1.293035123
2007	170	2.105	-2.15	4.26	2.109248284
2007	171	2.07	-1.86	3.93	1.173393621
2007	172	2.37	-2.5275	4.8975	1.294430359
2007	173	3.01	-2.6675	5.6725	1.686491724
2007	174	3.58	-1.9625	5.5425	1.457672992
2007	175	3.77	-0.915	4.6825	1.252224465
2007	176	2.425	0.33	2.095	1.186299556
2007	177	2.675	-1.505	4.185	2.342950343
2007	178	3.23	-1.69	4.925	2.38794671
2007	179	3.68	-0.785	4.47	2.822213969
2007	180	3.76	-1.73	5.49	2.370157449
2007	181	3.54	-0.385	3.9225	1.457324182
2007	182	3.385	0.0525	3.335	0.773309649
2007	183	4.485	-1.6875	6.1775	1.739510698
2007	184	5.145	-1.3025	6.4475	2.289233751
2007	185	5.145	-1.385	6.53	2.071925717
2007	186	5.575	-0.8	6.3775	2.097737586
2007	187	4.295	-2.005	6.305	1.670446508
2007	188	3.265	1.29	1.975	1.3268696
2007	189	2.76	0.51	2.255	1.514528866
2007	190	2.975	-0.395	3.375	0.913182075
2007	191	3.84	0.8575	2.975	0.778890593
2007	192	4.49	-0.88	5.37	1.586034719
2007	193	4.575	-1.79	6.365	1.997978199
2007	194	4.125	-0.195	4.32	3.05138151
2007	195	3.24	1.4825	1.7575	0.607625353
2007	196	3.59	-1.065	4.66	1.671841744
2007	197	4.26	-0.7625	5.03	2.388295519
2007	198	4.095	-1.8625	5.955	2.827794913
2007	199	3.645	2.15	1.495	1.198159063
2007	200	3.3	-0.12	3.425	1.636263222
2007	201	3.67	-2.48	6.155	2.119363746
2007	202	4.225	-1.75	5.975	1.798459427
2007	203	3.855	-1.2175	5.0725	1.76462495
2007	204	3.63	-0.7225	4.3525	1.357564796
2007	205	3.99	0.915	3.0825	2.527121518
2007	206	4	-0.6575	4.6525	2.269002826
2007	207	4.155	-0.245	4.4	1.244899475
2007	208	4.465	0.7075	3.76	1.654750101
2007	209	4.595	-0.64	5.2325	3.23345983
2007	210	4.325	-0.455	4.7825	3.151140896
2007	211	4.4	-0.0875	4.4825	2.186335083
2007	212	4.625	3.02	1.605	1.29791845
2007	213	4.775	0.225	4.5475	2.177266048
2007	214	5.215	-0.255	5.48	2.363878886
2007	215	5.805	0.2325	5.575	2.726291482
2007	216	5.6	1.1025	4.495	1.323730319
2007	217	5.81	2.4575	3.3525	0.789006056
2007	218	6.565	-0.095	6.66	2.270049253
2007	219	7.99	0.425	7.5625	2.470265644
2007	220	8.25	2.105	6.14	2.516308438
2007	221	6.88	3.225	3.655	2.131920872
2007	222	5.425	-0.31	5.735	2.113433993
2007	223	4.32	-1.345	5.665	1.419652806
2007	224	5.615	-0.865	6.4775	1.450348002
2007	225	6.685	0.9025	5.7825	1.095260396
2007	226	7.265	3.685	3.585	1.309429148
2007	227	7	1.8025	5.1975	1.617776342
2007	228	7	2.55	4.445	1.580802584
2007	229	7.445	2.8775	4.5725	2.620253532
2007	230	6.68	2.6375	4.0425	1.305941058
2007	231	5.92	-0.42	6.3425	1.56754784
2007	232	6.625	1.165	5.4625	1.754858296
2007	233	5.995	-0.4425	6.435	1.494297941
2007	234	5.36	-0.07	5.43	0.935157045
2007	235	6.19	0.1925	5.995	2.148314897
2007	236	5.72	0.685	5.03	1.958562778
2007	237	4.39	-0.2625	4.6525	0.847257166
2007	238	4.015	-0.8225	4.8375	1.399073072
2007	239	3.09	-0.665	3.7475	1.158394832
2007	240	2.54	-0.8725	3.41	1.304894631
2007	241	2.7	-1.8925	4.5925	1.220134033
2007	242	2.325	-0.82	3.1425	0.684014534
2007	243	1.755	-0.9475	2.6975	0.85667501
2007	244	2.055	-0.995	3.0525	0.951899879
2007	245	2.4	-1.25	3.655	0.854582156
2007	246	2.58	0.325	2.255	0.563675414
2007	247	2.91	-0.655	3.5625	0.837490513
2007	248	2.68	0.1675	2.51	0.71087283
2007	249	2.995	0.48	2.515	0.814120307
2007	250	3.185	-0.355	3.5375	1.015731934
2007	251	2.565	-1.025	3.5875	0.969340331
2007	252	2.36	0.79	1.57	0.715407348
2007	253	2.625	1.2525	1.3725	0.609718208
2007	254	2.595	-0.085	2.6775	0.745753734
2007	255	2.73	0.595	2.13	0.530538555
2007	256	2.435	-0.2725	2.705	1.045380702
2007	257	2.21	0.595	1.615	0.774007267
2007	258	2.66	0.55	2.115	0.784471538
2007	259	2.6	1.165	1.435	0.611462253
2007	260	2.745	1.23	1.515	0.81656197
2007	261	2.37	1.385	0.985	1.076773516
2007	262	2.39	0.035	2.355	0.531236173
2007	263	2.465	0.22	2.25	1.30140654
2007	264	2.79	1.655	1.135	0.57972063
2007	265	2.315	0.5375	1.775	0.424151797
2007	266	2.395	0.0425	2.3525	0.726569237
2007	267	2.58	1.76	0.825	0.077784417
2007	268	3.55	3.63	-0.08	0.393456601
2007	269	3.23	3.275	-0.045	0.328926928
2007	270	2.13	-0.035	2.165	0.607625353
2007	271	1.845	0.08	1.7625	0.5978587
2007	272	2.105	-0.0925	2.19	0.357529269
2007	273	2.09	-0.155	2.25	0.423105369
2007	274	2.715	1.7575	0.9625	0.154173597
2007	275	2.615	2.255	0.36	0.305905531
2007	276	2.57	1.385	1.19	0.577278966
2007	277	2.295	1.1525	1.14	0.305556722
2007	278	1.66	0.05	1.61	0.321601938
2007	279	1.86	0.54	1.32	0.351948325
2007	280	1.855	1.385	0.47	0.078482035
2007	281	2	0.81	1.195	0.167079532
2007	282	1.295	0.02	1.28	0.571698022
2007	283	1.035	0.48	0.555	0.416129189
2007	284	0.835	0.14	0.695	0.237538958
2007	285	0.88	0.365	0.515	0.260211546
2007	286	0.87	0.28	0.59	0.12766411
2007	287	0.965	0.885	0.08	0.209285426
2007	288	1.13	0.68	0.45	0.070459427
2007	289	1.065	0.87	0.195	0.195333064
2007	290	1.39	1.1875	0.2025	0.625763423
2007	291	1.15	0.355	0.79	0.412641098
2007	292	0.985	0.115	0.875	0.442289867
2007	293	0.9	0.735	0.1625	0.29160436
2007	294	1.145	0.725	0.425	0.014998789
2007	295	1.375	1.325	0.05	0.051972547
2007	296	1.7	1.42	0.275	0.124176019
2007	297	1.735	1.41	0.325	0.272419863
2007	298	2.02	0.935	1.09	0.157661688
2007	299	1.795	1.36	0.43	0.187310456
2007	300	1.875	1.765	0.11	0.486937424
2007	301	2	2.37	-0.365	0.29544126
2007	302	2.075	1.98	0.09	0.305207913
2007	303	2.03	1.715	0.315	0.637274122
2007	304	1.375	1.03	0.35	0.317416229
2007	305	1.165	0.6175	0.545	0.350901897
2007	306	0.96	0.3925	0.565	0.296487687
2007	307	0.405	0.425	-0.0175	0.010115462
2007	308	0.275	0.64	-0.3625	-0.027904723
2007	309	0.545	0.78	-0.235	0.294743642
2007	310	0.79	0.8	-0.01	0.162196205
2007	311	0.56	0.6475	-0.085	0.027904723
2007	312	0.535	0.445	0.09	-0.04743803
2007	313	0.57	0.5775	-0.005	-0.011859507
2007	314	0.675	0.62	0.055	0.377760194
2007	315	0.58	0.605	-0.025	0.500192168
2007	316	0.6	0.4975	0.1025	0.118595075
2007	317	0.49	0.29	0.2	0.109874849
2007	318	0.33	0.355	-0.025	0.104642713
2007	319	0.24	0.4675	-0.2275	0.107084376
2007	320	0.145	0.335	-0.19	-0.008022608
2007	321	0.035	0.2975	-0.265	0.008022608
2007	322	0.19	0.39	-0.195	-0.008371417
2007	323	0.52	0.3675	0.1525	0.246259184
2007	324	0.225	0.2925	-0.07	-0.074296326
2007	325	0.655	0.61	0.045	-0.076040371
2007	326	0.855	0.7775	0.08	0.188356883
2007	327	0.395	0.3775	0.0175	-0.067668954
2007	328	0.575	0.86	-0.29	0.460776746
2007	329	0.755	0.73	0.025	0.497750505
2007	330	0.535	0.44	0.0875	0.164986677
2007	331	0.41	0.49	-0.08	0.059646346
2007	332	0.24	0.535	-0.2925	-0.064180864
2007	333	0.395	0.29	0.1	-0.00732499
2007	334	0.39	0.27	0.1175	0.029997578
2007	335	0.16	0.375	-0.215	-0.013952362
2007	336	0.055	0.3925	-0.3375	-0.011161889
2007	337	0.225	0.2575	-0.03	-0.008720226
2007	338	0.33	0.385	-0.055	0.047786839
2007	339	0.325	0.3925	-0.0675	0.022672588
2007	340	0.53	0.6	-0.0675	0.011859507
2007	341	0.675	1.105	-0.4375	-0.131849818
2007	342	0.575	0.75	-0.18	0.155917642
2007	343	0.495	0.68	-0.185	0.247305612
2007	344	0.435	0.69	-0.255	0.239631813
2007	345	0.275	0.4675	-0.1925	0.080574889
2007	346	0.145	0.5375	-0.39	-0.048833266
2007	347	0.285	0.54	-0.26	0.099061768
2007	348	0.5	0.89	-0.39	0.232655632
2007	349	0.525	0.43	0.1	0.121385547
2007	350	0.605	0.57	0.035	-0.024067824
2007	351	0.765	0.485	0.2825	0.074645135
2007	352	0.735	0.59	0.14	0.234050868
2007	353	0.64	0.83	-0.19	0.280442471
2007	354	0.495	0.635	-0.145	0.208936617
2007	355	0.565	0.55	0.02	0.070459427
2007	356	0.345	0.46	-0.115	0.00732499
2007	357	0.32	0.47	-0.15	-0.059646346
2007	358	0.505	1.125	-0.62	0.173358094
2007	359	0.42	0.4275	-0.0075	0.005580945
2007	360	0.235	0.3325	-0.0975	-0.056158256
2007	361	0.485	0.81	-0.3225	0.068017763
2007	362	0.58	0.96	-0.38	-0.003139281
2007	363	0.415	0.635	-0.215	-0.042903512
2007	364	0.43	0.4125	0.0225	0.173009285
2007	365	0.265	0.4025	-0.135	0.046042794
2008	1	0.06	0.375	-0.315	-0.010115462
2008	2	0.12	0.285	-0.16	-0.029648769
2008	3	0.21	0.19	0.015	-0.057553492
2008	4	0.26	0.245	0.0175	-0.001744045
2008	5	0.085	0.205	-0.1175	-0.017789261
2008	6	0.075	0.2425	-0.1725	-0.013952362
2008	7	0.105	0.105	0.0025	0.041857085
2008	8	0.22	0.235	-0.01	0.038368995
2008	9	0.31	0.41	-0.1	-0.000697618
2008	10	0.26	0.29	-0.03	0.138825999
2008	11	0.39	0.275	0.115	0.168474768
2008	12	0.41	0.2825	0.125	0.10952604
2008	13	0.385	0.2975	0.0875	0.145104562
2008	14	0.22	0.26	-0.04	0.036973759
2008	15	0.475	0.52	-0.05	0.143360517
2008	16	0.625	0.94	-0.31	0.234399677
2008	17	0.58	0.4625	0.12	-0.019184497
2008	18	0.425	0.425	-4.34E-19	0.208238999
2008	19	0.53	0.505	0.025	0.396944691
2008	20	0.415	0.375	0.04	0.13847719
2008	21	0.42	0.24	0.18	0.511354057
2008	22	0.34	0.365	-0.025	0.489379088
2008	23	0.12	0.525	-0.4075	-0.03662495
2008	24	0.265	0.48	-0.215	0.281140089
2008	25	0.235	0.37	-0.135	-0.032439241
2008	26	0.12	0.33	-0.21	-0.016045216
2008	27	0.075	0.2425	-0.165	0.038020186
2008	28	0.18	0.26	-0.085	-0.029997578
2008	29	0.6	0.755	-0.155	0.560884941
2008	30	0.375	0.415	-0.04	0.341484053
2008	31	0.305	0.335	-0.03	0.069413
2008	32	0.305	0.23	0.0775	0.169870004
2008	33	0.38	0.2925	0.0875	0.312184094
2008	34	0.295	0.3425	-0.05	0.205797335
2008	35	0.14	0.2175	-0.08	-0.024765442
2008	36	0.09	0.245	-0.155	0.008371417
2008	37	0.22	0.27	-0.05	0.057902301
2008	38	0.335	0.275	0.06	0.047786839
2008	39	0.37	0.39	-0.015	0.211727089
2008	40	0.25	0.24	0.0125	0.015696407
2008	41	0.405	0.27	0.13	0.051274929
2008	42	0.405	0.22	0.175	-0.013952362
2008	43	0.495	0.705	-0.215	0.174753331
2008	44	0.455	0.58	-0.125	0.290557933
2008	45	0.295	0.26	0.035	0.013254744
2008	46	0.185	0.17	0.01	-0.028253532
2008	47	0.29	0.49	-0.2	0.001046427
2008	48	0.23	0.2175	0.01	0.073249899
2008	49	0.18	0.2425	-0.0675	0.04743803
2008	50	0.2	0.2875	-0.09	0.011859507
2008	51	0.075	0.0375	0.04	0.00732499
2008	52	0.275	0.22	0.05	0.041159467
2008	53	0.32	0.37	-0.05	0.341135244
2008	54	0.135	0.3375	-0.1975	0.271722245
2008	55	0.065	0.1725	-0.105	0.059995155
2008	56	0.25	0.075	0.175	0.134291482
2008	57	0.16	0.2925	-0.1325	0.048833266
2008	58	0.095	0.3325	-0.24	0.038020186
2008	59	0.1	0.2925	-0.1925	0.039066613
2008	60	0.055	0.3925	-0.34	0.008022608
2008	61	0.155	0.23	-0.0725	0.088597497
2008	62	0.335	0.14	0.185	0.175799758
2008	63	0.265	0.235	0.0275	0.088597497
2008	64	0.185	0.3375	-0.15	0.089643924
2008	65	0.13	0.2425	-0.1125	0.062436819
2008	66	0.15	0.2575	-0.11	0.075691562
2008	67	0.155	0.3375	-0.1825	0.067320145
2008	68	0.18	0.2125	-0.025	0.147197416
2008	69	0.19	0.2125	-0.0225	0.125222447
2008	70	0.42	0.405	0.015	0.10220105
2008	71	0.42	0.3025	0.1175	0.384387566
2008	72	0.375	0.225	0.15	0.318113847
2008	73	0.38	0.1225	0.255	0.16394025
2008	74	0.205	0.3325	-0.1275	0.182775939
2008	75	0.1	0.5175	-0.415	-0.068715382
2008	76	0.22	0.2725	-0.0525	0.091387969
2008	77	0.235	0.3225	-0.0875	0.145104562
2008	78	0.185	0.2975	-0.115	0.101503432
2008	79	0.14	0.37	-0.235	0.061041583
2008	80	0.115	0.44	-0.325	0.068017763
2008	81	0.155	0.245	-0.085	0.205448526
2008	82	0.165	0.155	0.01	0.138128381
2008	83	0.195	0.2675	-0.0725	0.192891401
2008	84	0.22	0.31	-0.085	0.123478401
2008	85	0.32	0.36	-0.04	0.187310456
2008	86	0.325	0.335	-0.01	0.106386758
2008	87	0.555	0.38	0.175	1.058286637
2008	88	0.4	0.4075	-0.0075	0.306603149
2008	89	0.565	0.55	0.02	0.447870811
2008	90	0.84	0.82	0.01	0.88213807
2008	91	0.8	0.67	0.12	0.100108195
2008	92	0.76	0.43	0.32	0.088248688
2008	93	0.645	0.345	0.2975	0.299626968
2008	94	0.44	0.235	0.21	0.281488898
2008	95	0.36	0.3225	0.0375	0.400083973
2008	96	0.325	0.48	-0.155	0.530887364
2008	97	0.385	0.315	0.07	0.634832459
2008	98	0.325	0.435	-0.115	0.764240614
2008	99	0.265	0.3025	-0.0325	0.246259184
2008	100	0.405	0.43	-0.025	0.581813484
2008	101	0.35	0.37	-0.02	0.239631813
2008	102	0.285	0.4525	-0.165	0.197774727
2008	103	0.33	0.4175	-0.0875	0.16777715
2008	104	0.33	0.3975	-0.065	0.385433993
2008	105	0.335	0.29	0.04	0.659597901
2008	106	0.49	0.5225	-0.0325	0.830165523
2008	107	0.54	0.6575	-0.1125	0.830514332
2008	108	0.58	0.635	-0.0575	0.586696811
2008	109	0.555	0.41	0.145	0.503680258
2008	110	0.415	0.285	0.13	0.418570852
2008	111	0.42	0.425	-0.0025	0.355785224
2008	112	0.415	0.315	0.1	0.348460234
2008	113	0.505	0.4375	0.065	0.363110214
2008	114	0.63	0.26	0.3675	0.406362535
2008	115	0.57	0.21	0.36	0.56507065
2008	116	0.385	0.4575	-0.07	0.419617279
2008	117	0.44	0.5	-0.06	0.351948325
2008	118	0.675	0.36	0.31	0.621926524
2008	119	0.69	0.1	0.59	0.030346387
2008	120	0.675	0.09	0.585	-0.323694792
2008	121	0.965	0.125	0.84	0.086504643
2008	122	0.865	-0.135	1	-0.009417844
2008	123	0.91	-0.535	1.4425	0.164289059
2008	124	1.055	-0.2875	1.3425	0.392061365
2008	125	0.89	-0.4625	1.35	0.310788857
2008	126	0.49	-0.325	0.815	1.509645539
2008	127	0.475	-0.445	0.915	0.819003633
2008	128	0.56	-0.7625	1.3225	0.609020589
2008	129	0.685	-0.685	1.375	0.57239564
2008	130	0.92	-0.69	1.6125	0.463916027
2008	131	0.83	-0.425	1.2525	1.15944126
2008	132	0.63	-0.53	1.16	0.776797739
2008	133	0.715	-0.455	1.175	1.402909972
2008	134	0.675	-0.43	1.105	0.793191764
2008	135	0.64	-0.36	1	0.579023012
2008	136	0.675	-0.34	1.015	0.789354865
2008	137	0.57	0.21	0.355	0.645994348
2008	138	0.665	-0.19	0.855	1.00980218
2008	139	0.68	-0.27	0.95	1.165371013
2008	140	0.68	-0.285	0.965	1.047473557
2008	141	0.7	-0.53	1.23	0.674945499
2008	142	0.715	-0.3875	1.1	0.736684699
2008	143	0.87	-0.7725	1.64	0.751683488
2008	144	1.165	-0.5375	1.705	0.841676221
2008	145	1.175	-0.8775	2.05	0.912135648
2008	146	1.4	-0.7075	2.105	1.068750908
2008	147	1.205	-0.2325	1.435	1.132234154
2008	148	1.255	-0.9175	2.1725	1.272106581
2008	149	1.53	-0.4875	2.02	1.171300767
2008	150	1.505	-0.9	2.4	1.188043601
2008	151	1.315	-1.525	2.84	1.225714978
2008	152	1.68	-0.6925	2.37	1.664865563
2008	153	1.75	-0.3875	2.14	1.46918369
2008	154	0.99	-1.27	2.26	2.019255551
2008	155	1.035	-1.925	2.9575	1.753114251
2008	156	1.13	-2.6025	3.735	1.742998789
2008	157	1.13	-2.27	3.395	1.641844166
2008	158	0.885	-2.29	3.1775	1.405002826
2008	159	1.095	-2.2	3.295	1.445115866
2008	160	0.81	-1.23	2.04	1.398724263
2008	161	0.89	-1.9975	2.8825	1.281524425
2008	162	0.99	-2.26	3.2475	1.443371821
2008	163	0.915	-1.685	2.6	1.106771094
2008	164	1.005	-0.4	1.405	0.925390392
2008	165	1.24	-0.755	1.9925	1.4618587
2008	166	1.69	-1.63	3.32	2.15459346
2008	167	1.945	-1.8575	3.7975	2.164011304
2008	168	1.615	-0.025	1.64	0.897485668
2008	169	1.915	-1.565	3.4775	2.67571417
2008	170	1.99	-2.0275	4.0125	1.58952281
2008	171	2.115	-1.1825	3.2975	1.575221639
2008	172	2.33	-1.02	3.3525	2.634205894
2008	173	2.305	-0.19	2.4925	1.579058539
2008	174	2.255	-2.1625	4.41	2.644321356
2008	175	2.545	-1.3875	3.935	2.48247396
2008	176	2.62	-1.3825	4.005	2.508983448
2008	177	2.47	-1.0475	3.52	2.651297537
2008	178	2.01	1.0775	0.935	1.029335486
2008	179	2.01	-0.925	2.93	1.618822769
2008	180	2.255	-1.775	4.03	1.613241825
2008	181	2.88	-2.25	5.1325	2.777566411
2008	182	3.075	-1.4	4.4675	2.003907953
2008	183	3.26	-1.3525	4.6175	3.358682277
2008	184	3.745	-1.74	5.4825	3.385191764
2008	185	3.955	-1.2175	5.17	2.855002019
2008	186	2.61	-1.97	4.58	1.672190553
2008	187	2.225	-1.475	3.7	1.638356076
2008	188	2.185	-1.255	3.445	1.292337505
2008	189	2.335	-2.665	5	1.573477594
2008	190	2.82	0.2675	2.555	1.208972144
2008	191	3.525	-0.8225	4.345	1.410583771
2008	192	3.22	-0.6725	3.8925	1.713698829
2008	193	2.9	-0.4925	3.3925	1.32338151
2008	194	3.3	-1.275	4.575	1.616032297
2008	195	4.34	-2.18	6.52	1.849385547
2008	196	5.34	-1.82	7.16	2.381319338
2008	197	5.64	-1.795	7.435	2.601766653
2008	198	5.065	0.68	4.385	1.730092854
2008	199	4.95	-1.255	6.205	2.94185547
2008	200	4.345	-0.245	4.595	3.516343964
2008	201	4.605	-0.5975	5.2025	3.274270488
2008	202	5.24	-0.8975	6.135	3.023825595
2008	203	4.335	2.62	1.715	0.691688333
2008	204	4.34	0.5725	3.765	2.784891401
2008	205	3.895	-0.2475	4.1425	1.641844166
2008	206	4.355	-0.515	4.8725	1.945308034
2008	207	4.245	-1.35	5.5925	2.493287041
2008	208	3.99	-1.23	5.22	1.916705692
2008	209	3.55	-1.8175	5.37	1.8591522
2008	210	3.905	-1.92	5.8275	1.911473557
2008	211	4.215	-2.295	6.5125	2.135060153
2008	212	4.85	-0.22	5.07	1.776833266
2008	213	3.51	0.835	2.6775	1.638356076
2008	214	2.755	-1.48	4.235	1.761136859
2008	215	2.965	-1.285	4.245	1.695909568
2008	216	3.02	-1.9075	4.9275	1.645332257
2008	217	3.22	-1.445	4.665	1.181765038
2008	218	3.73	-0.85	4.5775	1.462556318
2008	219	3.94	-0.9675	4.905	1.880429552
2008	220	3.755	-1.5625	5.3125	2.006349616
2008	221	3.83	-0.1975	4.0275	2.273188535
2008	222	3.395	0.555	2.845	1.072936617
2008	223	4.025	-1.875	5.9	1.767764231
2008	224	4.4	-1.395	5.795	2.077506661
2008	225	5.22	1.28	3.94	2.009837707
2008	226	5.955	1.33	4.625	1.967980622
2008	227	5.48	3.075	2.405	2.756637868
2008	228	5.21	1.025	4.1875	1.018173597
2008	229	5.305	-0.83	6.1325	2.123200646
2008	230	5.035	-1.4	6.44	1.690328623
2008	231	5.455	-0.485	5.9375	2.137153008
2008	232	4.415	3.45	0.965	1.278385143
2008	233	4.565	2.255	2.31	0.846559548
2008	234	5.08	1.47	3.6125	1.434651595
2008	235	4.54	0.1275	4.4075	1.242109003
2008	236	3.905	1.225	2.6825	0.829816714
2008	237	3.045	1.1825	1.8625	0.993756964
2008	238	2.855	1.43	1.425	0.626461042
2008	239	2.71	0.1025	2.61	1.147930561
2008	240	2.655	1.235	1.42	0.618089625
2008	241	2.59	-0.9375	3.525	1.127350828
2008	242	2.41	-0.635	3.045	1.208623335
2008	243	2.045	-1.17	3.21	1.309080339
2008	244	2.185	-1.14	3.32	1.042939039
2008	245	1.98	-0.59	2.565	1.112700848
2008	246	2.115	-0.67	2.785	0.932017763
2008	247	2.675	-0.07	2.7375	0.901322568
2008	248	3.195	1.45	1.745	1.93589019
2008	249	2.81	-0.7775	3.5875	1.230598304
2008	250	2.53	-0.65	3.1775	0.919809447
2008	251	2.565	-0.5425	3.1075	0.662737182
2008	252	2.82	-0.215	3.0325	0.926785628
2008	253	2.46	-0.77	3.23	0.723429956
2008	254	2.605	0.13	2.475	0.780983448
2008	255	2.645	0.6075	2.04	0.857023819
2008	256	2.51	0.315	2.2	0.847954784
2008	257	2.38	-0.1125	2.495	0.599253936
2008	258	2.425	1.155	1.2725	0.373574485
2008	259	2.315	0.545	1.77	0.605881308
2008	260	2.295	-0.3525	2.645	0.501238595
2008	261	2.295	1.27	1.02	0.524259992
2008	262	2.17	0.315	1.85	0.62332176
2008	263	2.425	0.585	1.84	1.138163908
2008	264	2.575	0.935	1.64	0.517283811
2008	265	2.47	0.705	1.76	0.560536132
2008	266	2.9	1.78	1.12	0.50681954
2008	267	2.65	0.22	2.43	0.650528866
2008	268	2.475	-0.085	2.56	0.6016956
2008	269	1.555	-0.1675	1.7225	0.292650787
2008	270	1.455	0.8775	0.5775	0.289860315
2008	271	1.53	1.37	0.1625	1.473369398
2008	272	1.725	0.43	1.295	1.224668551
2008	273	1.555	0.025	1.535	0.839234558
2008	274	1.14	-0.125	1.2625	0.303115059
2008	275	0.985	-0.1925	1.1775	0.326485264
2008	276	0.845	-0.165	1.01	0.242073476
2008	277	0.72	-0.4175	1.135	0.366598304
2008	278	0.685	0.1075	0.5775	0.366249495
2008	279	0.97	0.5475	0.42	0.531584982
2008	280	1.11	0.84	0.275	0.471241017
2008	281	1.075	0.31	0.765	0.659597901
2008	282	1.095	-0.0775	1.17	0.400083973
2008	283	0.905	0.9725	-0.0675	0.325438837
2008	284	1.13	0.6	0.53	0.527050464
2008	285	1.385	1.3225	0.06	0.566117077
2008	286	1.2	0.19	1.005	0.130803391
2008	287	1.075	0.195	0.8825	0.190449738
2008	288	1.025	0.45	0.575	0.21521518
2008	289	0.955	0.5325	0.4275	0.37183044
2008	290	0.845	0.2425	0.5975	0.466357691
2008	291	0.875	0.625	0.25	0.391712556
2008	292	0.925	0.31	0.615	0.609020589
2008	293	0.845	0.1875	0.655	0.334507872
2008	294	0.93	0.53	0.4	0.473682681
2008	295	1.46	1.61	-0.145	0.906903512
2008	296	1.135	0.6875	0.45	0.265443682
2008	297	1.155	0.6325	0.5175	0.398339927
2008	298	1.31	0.83	0.48	0.71470973
2008	299	1.235	0.7575	0.4825	0.657505046
2008	300	1.29	1.2	0.09	1.195368591
2008	301	0.93	0.6625	0.26	0.133593864
2008	302	0.9	0.5825	0.3175	0.549374243
2008	303	0.75	0.67	0.08	0.347762616
2008	304	0.885	0.6675	0.2175	0.35369237
2008	305	0.46	0.42	0.0375	-0.011161889
2008	306	0.43	0.405	0.02	-0.020928543
2008	307	0.59	0.805	-0.215	0.67075979
2008	308	0.505	0.37	0.1375	0.184868793
2008	309	0.5	0.47	0.035	0.32439241
2008	310	0.585	0.4225	0.16	0.14231409
2008	311	0.28	0.305	-0.0275	-0.035229713
2008	312	0.415	0.3575	0.06	0.035578522
2008	313	0.575	0.72	-0.145	0.605881308
2008	314	0.67	0.66	0.015	0.199518773
2008	315	0.725	0.57	0.1525	0.374272103
2008	316	0.71	0.6875	0.0225	0.140221235
2008	317	0.6	0.47	0.13	0.395898264
2008	318	0.27	0.35	-0.08	0.167428341
2008	319	0.29	0.4625	-0.1725	0.378457812
2008	320	0.295	0.27	0.025	0.046740412
2008	321	0.36	0.31	0.05	0.025114251
2008	322	0.28	0.3625	-0.08	-0.042903512
2008	323	0.785	0.71	0.0675	0.648087202
2008	324	0.6	0.54	0.0575	0.527399273
2008	325	0.335	0.4075	-0.08	-0.005929754
2008	326	0.185	0.25	-0.0675	-0.011161889
2008	327	0.205	0.2325	-0.03	-0.02197497
2008	328	0.275	0.21	0.07	0.173009285
2008	329	0.44	0.645	-0.205	0.742963262
2008	330	0.3	0.19	0.11	0.19324021
2008	331	0.335	0.28	0.055	0.310788857
2008	332	0.285	0.33	-0.045	0.214866371
2008	333	0.27	0.2675	0.0025	0.168125959
2008	334	0.12	0.1575	-0.0375	0.017091643
2008	335	0.24	0.21	0.035	0.220098506
2008	336	0.415	0.52	-0.115	0.507517158
2008	337	0.22	0.35	-0.13	0.107781994
2008	338	0.225	0.2275	-0.0025	0.092434396
2008	339	0.275	0.475	-0.195	0.087899879
2008	340	0.21	0.31	-0.1	0.11301413
2008	341	0.105	0.255	-0.155	-0.078830844
2008	342	0.145	0.225	-0.075	0.009766653
2008	343	0.14	0.2125	-0.0675	0.015347598
2008	344	0.22	0.33	-0.11	0.338344772
2008	345	0.135	0.39	-0.255	-0.042205894
2008	346	0.095	0.2175	-0.13	-0.062785628
2008	347	0.145	0.255	-0.11	-0.028951151
2008	348	0.23	0.26	-0.035	0.117897457
2008	349	0.17	0.16	0.01	0.071854663
2008	350	0.225	0.41	-0.19	0.460079128
2008	351	0.18	0.395	-0.215	0.376364958
2008	352	0.225	0.69	-0.46	0.672155026
2008	353	0.245	0.8	-0.555	1.129443682
2008	354	0.305	1.06	-0.755	0.645994348
2008	355	0.27	0.6	-0.335	0.246259184
2008	356	0.26	0.38	-0.125	0.213471134
2008	357	0.185	0.355	-0.17	0.075342753
2008	358	0.125	0.2475	-0.1225	-0.008022608
2008	359	0.175	0.425	-0.2525	-0.008022608
2008	360	0.21	0.67	-0.4625	0.309044812
2008	361	0.3	0.635	-0.34	0.279047235
2008	362	0.21	0.38	-0.17	0.102549859
2008	363	0.31	0.41	-0.09	0.222191361
2008	364	0.345	0.45	-0.105	0.175799758
2008	365	0.29	0.465	-0.17	0.10220105
2008	366	0.2	0.62	-0.4225	-0.020230925
2009	1	NA	NA	NA	NA
2009	2	NA	NA	NA	NA
2009	3	NA	NA	NA	NA
2009	4	NA	NA	NA	NA
2009	5	NA	NA	NA	NA
2009	6	NA	NA	NA	NA
2009	7	NA	NA	NA	NA
2009	8	NA	NA	NA	NA
2009	9	NA	NA	NA	NA
2009	10	NA	NA	NA	NA
2009	11	NA	NA	NA	NA
2009	12	NA	NA	NA	NA
2009	13	NA	NA	NA	NA
2009	14	NA	NA	NA	NA
2009	15	NA	NA	NA	NA
2009	16	NA	NA	NA	NA
2009	17	NA	NA	NA	NA
2009	18	NA	NA	NA	NA
2009	19	NA	NA	NA	NA
2009	20	NA	NA	NA	NA
2009	21	NA	NA	NA	NA
2009	22	NA	NA	NA	NA
2009	23	NA	NA	NA	NA
2009	24	NA	NA	NA	NA
2009	25	NA	NA	NA	NA
2009	26	NA	NA	NA	NA
2009	27	NA	NA	NA	NA
2009	28	NA	NA	NA	NA
2009	29	NA	NA	NA	NA
2009	30	NA	NA	NA	NA
2009	31	NA	NA	NA	NA
2009	32	NA	NA	NA	NA
2009	33	NA	NA	NA	NA
2009	34	NA	NA	NA	NA
2009	35	NA	NA	NA	NA
2009	36	NA	NA	NA	NA
2009	37	NA	NA	NA	NA
2009	38	NA	NA	NA	NA
2009	39	NA	NA	NA	NA
2009	40	NA	NA	NA	NA
2009	41	NA	NA	NA	NA
2009	42	NA	NA	NA	NA
2009	43	NA	NA	NA	NA
2009	44	NA	NA	NA	NA
2009	45	NA	NA	NA	NA
2009	46	NA	NA	NA	NA
2009	47	NA	NA	NA	NA
2009	48	NA	NA	NA	NA
2009	49	NA	NA	NA	NA
2009	50	NA	NA	NA	NA
2009	51	NA	NA	NA	NA
2009	52	NA	NA	NA	NA
2009	53	NA	NA	NA	NA
2009	54	NA	NA	NA	NA
2009	55	NA	NA	NA	NA
2009	56	NA	NA	NA	NA
2009	57	NA	NA	NA	NA
2009	58	NA	NA	NA	NA
2009	59	NA	NA	NA	NA
2009	60	NA	NA	NA	NA
2009	61	NA	NA	NA	NA
2009	62	NA	NA	NA	NA
2009	63	NA	NA	NA	NA
2009	64	NA	NA	NA	NA
2009	65	NA	NA	NA	NA
2009	66	NA	NA	NA	NA
2009	67	NA	NA	NA	NA
2009	68	NA	NA	NA	NA
2009	69	NA	NA	NA	NA
2009	70	NA	NA	NA	NA
2009	71	NA	NA	NA	NA
2009	72	NA	NA	NA	NA
2009	73	NA	NA	NA	NA
2009	74	NA	NA	NA	NA
2009	75	NA	NA	NA	NA
2009	76	NA	NA	NA	NA
2009	77	NA	NA	NA	NA
2009	78	NA	NA	NA	NA
2009	79	NA	NA	NA	NA
2009	80	NA	NA	NA	NA
2009	81	NA	NA	NA	NA
2009	82	NA	NA	NA	NA
2009	83	NA	NA	NA	NA
2009	84	NA	NA	NA	NA
2009	85	NA	NA	NA	NA
2009	86	NA	NA	NA	NA
2009	87	NA	NA	NA	NA
2009	88	NA	NA	NA	NA
2009	89	NA	NA	NA	NA
2009	90	NA	NA	NA	NA
2009	91	NA	NA	NA	NA
2009	92	NA	NA	NA	NA
2009	93	NA	NA	NA	NA
2009	94	NA	NA	NA	NA
2009	95	NA	NA	NA	NA
2009	96	NA	NA	NA	NA
2009	97	NA	NA	NA	NA
2009	98	NA	NA	NA	NA
2009	99	NA	NA	NA	NA
2009	100	NA	NA	NA	NA
2009	101	NA	NA	NA	NA
2009	102	NA	NA	NA	NA
2009	103	NA	NA	NA	NA
2009	104	NA	NA	NA	NA
2009	105	NA	NA	NA	NA
2009	106	NA	NA	NA	NA
2009	107	NA	NA	NA	NA
2009	108	NA	NA	NA	NA
2009	109	NA	NA	NA	NA
2009	110	NA	NA	NA	NA
2009	111	NA	NA	NA	NA
2009	112	NA	NA	NA	NA
2009	113	NA	NA	NA	NA
2009	114	NA	NA	NA	NA
2009	115	NA	NA	NA	NA
2009	116	NA	NA	NA	NA
2009	117	NA	NA	NA	NA
2009	118	NA	NA	NA	NA
2009	119	NA	NA	NA	NA
2009	120	NA	NA	NA	NA
2009	121	NA	NA	NA	NA
2009	122	NA	NA	NA	NA
2009	123	NA	NA	NA	NA
2009	124	NA	NA	NA	NA
2009	125	NA	NA	NA	NA
2009	126	NA	NA	NA	NA
2009	127	NA	NA	NA	NA
2009	128	NA	NA	NA	NA
2009	129	NA	NA	NA	NA
2009	130	NA	NA	NA	NA
2009	131	NA	NA	NA	NA
2009	132	NA	NA	NA	NA
2009	133	NA	NA	NA	NA
2009	134	NA	NA	NA	NA
2009	135	NA	NA	NA	NA
2009	136	NA	NA	NA	NA
2009	137	NA	NA	NA	NA
2009	138	NA	NA	NA	NA
2009	139	NA	NA	NA	NA
2009	140	NA	NA	NA	NA
2009	141	NA	NA	NA	NA
2009	142	NA	NA	NA	NA
2009	143	NA	NA	NA	NA
2009	144	NA	NA	NA	NA
2009	145	NA	NA	NA	NA
2009	146	NA	NA	NA	NA
2009	147	NA	NA	NA	NA
2009	148	NA	NA	NA	NA
2009	149	NA	NA	NA	NA
2009	150	NA	NA	NA	NA
2009	151	NA	NA	NA	NA
2009	152	NA	NA	NA	NA
2009	153	NA	NA	NA	NA
2009	154	NA	NA	NA	NA
2009	155	NA	NA	NA	NA
2009	156	NA	NA	NA	NA
2009	157	NA	NA	NA	NA
2009	158	NA	NA	NA	NA
2009	159	NA	NA	NA	NA
2009	160	NA	NA	NA	NA
2009	161	NA	NA	NA	NA
2009	162	NA	NA	NA	NA
2009	163	NA	NA	NA	NA
2009	164	NA	NA	NA	NA
2009	165	NA	NA	NA	NA
2009	166	NA	NA	NA	NA
2009	167	NA	NA	NA	NA
2009	168	NA	NA	NA	NA
2009	169	NA	NA	NA	NA
2009	170	NA	NA	NA	NA
2009	171	NA	NA	NA	NA
2009	172	NA	NA	NA	NA
2009	173	NA	NA	NA	NA
2009	174	NA	NA	NA	NA
2009	175	NA	NA	NA	NA
2009	176	NA	NA	NA	NA
2009	177	NA	NA	NA	NA
2009	178	NA	NA	NA	NA
2009	179	NA	NA	NA	NA
2009	180	NA	NA	NA	NA
2009	181	NA	NA	NA	NA
2009	182	NA	NA	NA	NA
2009	183	NA	NA	NA	NA
2009	184	NA	NA	NA	NA
2009	185	NA	NA	NA	NA
2009	186	NA	NA	NA	NA
2009	187	NA	NA	NA	NA
2009	188	NA	NA	NA	NA
2009	189	NA	NA	NA	NA
2009	190	NA	NA	NA	NA
2009	191	NA	NA	NA	NA
2009	192	NA	NA	NA	NA
2009	193	NA	NA	NA	NA
2009	194	NA	NA	NA	NA
2009	195	NA	NA	NA	NA
2009	196	NA	NA	NA	NA
2009	197	NA	NA	NA	NA
2009	198	NA	NA	NA	NA
2009	199	NA	NA	NA	NA
2009	200	NA	NA	NA	NA
2009	201	NA	NA	NA	NA
2009	202	NA	NA	NA	NA
2009	203	NA	NA	NA	NA
2009	204	NA	NA	NA	NA
2009	205	NA	NA	NA	NA
2009	206	NA	NA	NA	NA
2009	207	NA	NA	NA	NA
2009	208	NA	NA	NA	NA
2009	209	NA	NA	NA	NA
2009	210	NA	NA	NA	NA
2009	211	NA	NA	NA	NA
2009	212	NA	NA	NA	NA
2009	213	NA	NA	NA	NA
2009	214	NA	NA	NA	NA
2009	215	NA	NA	NA	NA
2009	216	NA	NA	NA	NA
2009	217	NA	NA	NA	NA
2009	218	NA	NA	NA	NA
2009	219	NA	NA	NA	NA
2009	220	NA	NA	NA	NA
2009	221	NA	NA	NA	NA
2009	222	NA	NA	NA	NA
2009	223	NA	NA	NA	NA
2009	224	NA	NA	NA	NA
2009	225	NA	NA	NA	NA
2009	226	NA	NA	NA	NA
2009	227	NA	NA	NA	NA
2009	228	NA	NA	NA	NA
2009	229	NA	NA	NA	NA
2009	230	NA	NA	NA	NA
2009	231	NA	NA	NA	NA
2009	232	NA	NA	NA	NA
2009	233	NA	NA	NA	NA
2009	234	NA	NA	NA	NA
2009	235	NA	NA	NA	NA
2009	236	NA	NA	NA	NA
2009	237	NA	NA	NA	NA
2009	238	NA	NA	NA	NA
2009	239	NA	NA	NA	NA
2009	240	NA	NA	NA	NA
2009	241	NA	NA	NA	NA
2009	242	NA	NA	NA	NA
2009	243	NA	NA	NA	NA
2009	244	NA	NA	NA	NA
2009	245	NA	NA	NA	NA
2009	246	NA	NA	NA	NA
2009	247	NA	NA	NA	NA
2009	248	NA	NA	NA	NA
2009	249	NA	NA	NA	NA
2009	250	NA	NA	NA	NA
2009	251	NA	NA	NA	NA
2009	252	NA	NA	NA	NA
2009	253	NA	NA	NA	NA
2009	254	NA	NA	NA	NA
2009	255	NA	NA	NA	NA
2009	256	NA	NA	NA	NA
2009	257	NA	NA	NA	NA
2009	258	NA	NA	NA	NA
2009	259	NA	NA	NA	NA
2009	260	NA	NA	NA	NA
2009	261	NA	NA	NA	NA
2009	262	NA	NA	NA	NA
2009	263	NA	NA	NA	NA
2009	264	NA	NA	NA	NA
2009	265	NA	NA	NA	NA
2009	266	NA	NA	NA	NA
2009	267	NA	NA	NA	NA
2009	268	NA	NA	NA	NA
2009	269	NA	NA	NA	NA
2009	270	NA	NA	NA	NA
2009	271	NA	NA	NA	NA
2009	272	NA	NA	NA	NA
2009	273	NA	NA	NA	NA
2009	274	NA	NA	NA	NA
2009	275	NA	NA	NA	NA
2009	276	NA	NA	NA	NA
2009	277	NA	NA	NA	NA
2009	278	NA	NA	NA	NA
2009	279	NA	NA	NA	NA
2009	280	NA	NA	NA	NA
2009	281	NA	NA	NA	NA
2009	282	NA	NA	NA	NA
2009	283	NA	NA	NA	NA
2009	284	NA	NA	NA	NA
2009	285	NA	NA	NA	NA
2009	286	NA	NA	NA	NA
2009	287	NA	NA	NA	NA
2009	288	NA	NA	NA	NA
2009	289	NA	NA	NA	NA
2009	290	NA	NA	NA	NA
2009	291	NA	NA	NA	NA
2009	292	NA	NA	NA	NA
2009	293	NA	NA	NA	NA
2009	294	NA	NA	NA	NA
2009	295	NA	NA	NA	NA
2009	296	NA	NA	NA	NA
2009	297	NA	NA	NA	NA
2009	298	NA	NA	NA	NA
2009	299	NA	NA	NA	NA
2009	300	NA	NA	NA	NA
2009	301	NA	NA	NA	NA
2009	302	NA	NA	NA	NA
2009	303	NA	NA	NA	NA
2009	304	NA	NA	NA	NA
2009	305	NA	NA	NA	NA
2009	306	NA	NA	NA	NA
2009	307	NA	NA	NA	NA
2009	308	NA	NA	NA	NA
2009	309	NA	NA	NA	NA
2009	310	NA	NA	NA	NA
2009	311	NA	NA	NA	NA
2009	312	NA	NA	NA	NA
2009	313	NA	NA	NA	NA
2009	314	NA	NA	NA	NA
2009	315	NA	NA	NA	NA
2009	316	NA	NA	NA	NA
2009	317	NA	NA	NA	NA
2009	318	NA	NA	NA	NA
2009	319	NA	NA	NA	NA
2009	320	NA	NA	NA	NA
2009	321	NA	NA	NA	NA
2009	322	NA	NA	NA	NA
2009	323	NA	NA	NA	NA
2009	324	NA	NA	NA	NA
2009	325	NA	NA	NA	NA
2009	326	NA	NA	NA	NA
2009	327	NA	NA	NA	NA
2009	328	NA	NA	NA	NA
2009	329	NA	NA	NA	NA
2009	330	NA	NA	NA	NA
2009	331	NA	NA	NA	NA
2009	332	NA	NA	NA	NA
2009	333	NA	NA	NA	NA
2009	334	NA	NA	NA	NA
2009	335	NA	NA	NA	NA
2009	336	NA	NA	NA	NA
2009	337	NA	NA	NA	NA
2009	338	NA	NA	NA	NA
2009	339	NA	NA	NA	NA
2009	340	NA	NA	NA	NA
2009	341	NA	NA	NA	NA
2009	342	NA	NA	NA	NA
2009	343	NA	NA	NA	NA
2009	344	NA	NA	NA	NA
2009	345	NA	NA	NA	NA
2009	346	NA	NA	NA	NA
2009	347	NA	NA	NA	NA
2009	348	NA	NA	NA	NA
2009	349	NA	NA	NA	NA
2009	350	NA	NA	NA	NA
2009	351	NA	NA	NA	NA
2009	352	NA	NA	NA	NA
2009	353	NA	NA	NA	NA
2009	354	NA	NA	NA	NA
2009	355	NA	NA	NA	NA
2009	356	NA	NA	NA	NA
2009	357	NA	NA	NA	NA
2009	358	NA	NA	NA	NA
2009	359	NA	NA	NA	NA
2009	360	NA	NA	NA	NA
2009	361	NA	NA	NA	NA
2009	362	NA	NA	NA	NA
2009	363	NA	NA	NA	NA
2009	364	NA	NA	NA	NA
2009	365	NA	NA	NA	NA
2010	1	NA	NA	NA	NA
2010	2	NA	NA	NA	NA
2010	3	NA	NA	NA	NA
2010	4	NA	NA	NA	NA
2010	5	NA	NA	NA	NA
2010	6	NA	NA	NA	NA
2010	7	NA	NA	NA	NA
2010	8	NA	NA	NA	NA
2010	9	NA	NA	NA	NA
2010	10	NA	NA	NA	NA
2010	11	NA	NA	NA	NA
2010	12	NA	NA	NA	NA
2010	13	NA	NA	NA	NA
2010	14	NA	NA	NA	NA
2010	15	NA	NA	NA	NA
2010	16	NA	NA	NA	NA
2010	17	NA	NA	NA	NA
2010	18	NA	NA	NA	NA
2010	19	NA	NA	NA	NA
2010	20	NA	NA	NA	NA
2010	21	NA	NA	NA	NA
2010	22	NA	NA	NA	NA
2010	23	NA	NA	NA	NA
2010	24	NA	NA	NA	NA
2010	25	NA	NA	NA	NA
2010	26	NA	NA	NA	NA
2010	27	NA	NA	NA	NA
2010	28	NA	NA	NA	NA
2010	29	NA	NA	NA	NA
2010	30	NA	NA	NA	NA
2010	31	NA	NA	NA	NA
2010	32	NA	NA	NA	NA
2010	33	NA	NA	NA	NA
2010	34	NA	NA	NA	NA
2010	35	NA	NA	NA	NA
2010	36	NA	NA	NA	NA
2010	37	NA	NA	NA	NA
2010	38	NA	NA	NA	NA
2010	39	NA	NA	NA	NA
2010	40	NA	NA	NA	NA
2010	41	NA	NA	NA	NA
2010	42	NA	NA	NA	NA
2010	43	NA	NA	NA	NA
2010	44	NA	NA	NA	NA
2010	45	NA	NA	NA	NA
2010	46	NA	NA	NA	NA
2010	47	NA	NA	NA	NA
2010	48	NA	NA	NA	NA
2010	49	NA	NA	NA	NA
2010	50	NA	NA	NA	NA
2010	51	NA	NA	NA	NA
2010	52	NA	NA	NA	NA
2010	53	NA	NA	NA	NA
2010	54	NA	NA	NA	NA
2010	55	NA	NA	NA	NA
2010	56	NA	NA	NA	NA
2010	57	NA	NA	NA	NA
2010	58	NA	NA	NA	NA
2010	59	NA	NA	NA	NA
2010	60	NA	NA	NA	NA
2010	61	NA	NA	NA	NA
2010	62	NA	NA	NA	NA
2010	63	NA	NA	NA	NA
2010	64	NA	NA	NA	NA
2010	65	NA	NA	NA	NA
2010	66	NA	NA	NA	NA
2010	67	NA	NA	NA	NA
2010	68	NA	NA	NA	NA
2010	69	NA	NA	NA	NA
2010	70	NA	NA	NA	NA
2010	71	NA	NA	NA	NA
2010	72	NA	NA	NA	NA
2010	73	NA	NA	NA	NA
2010	74	NA	NA	NA	NA
2010	75	NA	NA	NA	NA
2010	76	NA	NA	NA	NA
2010	77	NA	NA	NA	NA
2010	78	NA	NA	NA	NA
2010	79	NA	NA	NA	NA
2010	80	NA	NA	NA	NA
2010	81	NA	NA	NA	NA
2010	82	NA	NA	NA	NA
2010	83	NA	NA	NA	NA
2010	84	NA	NA	NA	NA
2010	85	NA	NA	NA	NA
2010	86	NA	NA	NA	NA
2010	87	NA	NA	NA	NA
2010	88	NA	NA	NA	NA
2010	89	NA	NA	NA	NA
2010	90	NA	NA	NA	NA
2010	91	NA	NA	NA	NA
2010	92	NA	NA	NA	NA
2010	93	NA	NA	NA	NA
2010	94	NA	NA	NA	NA
2010	95	NA	NA	NA	NA
2010	96	NA	NA	NA	NA
2010	97	NA	NA	NA	NA
2010	98	NA	NA	NA	NA
2010	99	NA	NA	NA	NA
2010	100	NA	NA	NA	NA
2010	101	NA	NA	NA	NA
2010	102	NA	NA	NA	NA
2010	103	NA	NA	NA	NA
2010	104	NA	NA	NA	NA
2010	105	NA	NA	NA	NA
2010	106	NA	NA	NA	NA
2010	107	NA	NA	NA	NA
2010	108	NA	NA	NA	NA
2010	109	NA	NA	NA	NA
2010	110	NA	NA	NA	NA
2010	111	NA	NA	NA	NA
2010	112	NA	NA	NA	NA
2010	113	NA	NA	NA	NA
2010	114	NA	NA	NA	NA
2010	115	NA	NA	NA	NA
2010	116	NA	NA	NA	NA
2010	117	NA	NA	NA	NA
2010	118	NA	NA	NA	NA
2010	119	NA	NA	NA	NA
2010	120	NA	NA	NA	NA
2010	121	NA	NA	NA	NA
2010	122	NA	NA	NA	NA
2010	123	NA	NA	NA	NA
2010	124	NA	NA	NA	NA
2010	125	NA	NA	NA	NA
2010	126	NA	NA	NA	NA
2010	127	NA	NA	NA	NA
2010	128	NA	NA	NA	NA
2010	129	NA	NA	NA	NA
2010	130	NA	NA	NA	NA
2010	131	NA	NA	NA	NA
2010	132	NA	NA	NA	NA
2010	133	NA	NA	NA	NA
2010	134	NA	NA	NA	NA
2010	135	NA	NA	NA	NA
2010	136	NA	NA	NA	NA
2010	137	NA	NA	NA	NA
2010	138	NA	NA	NA	NA
2010	139	NA	NA	NA	NA
2010	140	NA	NA	NA	NA
2010	141	NA	NA	NA	NA
2010	142	NA	NA	NA	NA
2010	143	NA	NA	NA	NA
2010	144	NA	NA	NA	NA
2010	145	NA	NA	NA	NA
2010	146	NA	NA	NA	NA
2010	147	NA	NA	NA	NA
2010	148	NA	NA	NA	NA
2010	149	NA	NA	NA	NA
2010	150	NA	NA	NA	NA
2010	151	NA	NA	NA	NA
2010	152	NA	NA	NA	NA
2010	153	NA	NA	NA	NA
2010	154	NA	NA	NA	NA
2010	155	NA	NA	NA	NA
2010	156	NA	NA	NA	NA
2010	157	NA	NA	NA	NA
2010	158	NA	NA	NA	NA
2010	159	NA	NA	NA	NA
2010	160	NA	NA	NA	NA
2010	161	NA	NA	NA	NA
2010	162	NA	NA	NA	NA
2010	163	NA	NA	NA	NA
2010	164	NA	NA	NA	NA
2010	165	NA	NA	NA	NA
2010	166	NA	NA	NA	NA
2010	167	NA	NA	NA	NA
2010	168	NA	NA	NA	NA
2010	169	NA	NA	NA	NA
2010	170	NA	NA	NA	NA
2010	171	NA	NA	NA	NA
2010	172	NA	NA	NA	NA
2010	173	NA	NA	NA	NA
2010	174	NA	NA	NA	NA
2010	175	NA	NA	NA	NA
2010	176	NA	NA	NA	NA
2010	177	NA	NA	NA	NA
2010	178	NA	NA	NA	NA
2010	179	NA	NA	NA	NA
2010	180	NA	NA	NA	NA
2010	181	NA	NA	NA	NA
2010	182	NA	NA	NA	NA
2010	183	NA	NA	NA	NA
2010	184	NA	NA	NA	NA
2010	185	NA	NA	NA	NA
2010	186	NA	NA	NA	NA
2010	187	NA	NA	NA	NA
2010	188	NA	NA	NA	NA
2010	189	NA	NA	NA	NA
2010	190	NA	NA	NA	NA
2010	191	NA	NA	NA	NA
2010	192	NA	NA	NA	NA
2010	193	NA	NA	NA	NA
2010	194	NA	NA	NA	NA
2010	195	NA	NA	NA	NA
2010	196	NA	NA	NA	NA
2010	197	NA	NA	NA	NA
2010	198	NA	NA	NA	NA
2010	199	NA	NA	NA	NA
2010	200	NA	NA	NA	NA
2010	201	NA	NA	NA	NA
2010	202	NA	NA	NA	NA
2010	203	NA	NA	NA	NA
2010	204	NA	NA	NA	NA
2010	205	NA	NA	NA	NA
2010	206	NA	NA	NA	NA
2010	207	NA	NA	NA	NA
2010	208	NA	NA	NA	NA
2010	209	NA	NA	NA	NA
2010	210	NA	NA	NA	NA
2010	211	NA	NA	NA	NA
2010	212	NA	NA	NA	NA
2010	213	NA	NA	NA	NA
2010	214	NA	NA	NA	NA
2010	215	NA	NA	NA	NA
2010	216	NA	NA	NA	NA
2010	217	NA	NA	NA	NA
2010	218	NA	NA	NA	NA
2010	219	NA	NA	NA	NA
2010	220	NA	NA	NA	NA
2010	221	NA	NA	NA	NA
2010	222	NA	NA	NA	NA
2010	223	NA	NA	NA	NA
2010	224	NA	NA	NA	NA
2010	225	NA	NA	NA	NA
2010	226	NA	NA	NA	NA
2010	227	NA	NA	NA	NA
2010	228	NA	NA	NA	NA
2010	229	NA	NA	NA	NA
2010	230	NA	NA	NA	NA
2010	231	NA	NA	NA	NA
2010	232	NA	NA	NA	NA
2010	233	NA	NA	NA	NA
2010	234	NA	NA	NA	NA
2010	235	NA	NA	NA	NA
2010	236	NA	NA	NA	NA
2010	237	NA	NA	NA	NA
2010	238	NA	NA	NA	NA
2010	239	NA	NA	NA	NA
2010	240	NA	NA	NA	NA
2010	241	NA	NA	NA	NA
2010	242	NA	NA	NA	NA
2010	243	NA	NA	NA	NA
2010	244	NA	NA	NA	NA
2010	245	NA	NA	NA	NA
2010	246	NA	NA	NA	NA
2010	247	NA	NA	NA	NA
2010	248	NA	NA	NA	NA
2010	249	NA	NA	NA	NA
2010	250	NA	NA	NA	NA
2010	251	NA	NA	NA	NA
2010	252	NA	NA	NA	NA
2010	253	NA	NA	NA	NA
2010	254	NA	NA	NA	NA
2010	255	NA	NA	NA	NA
2010	256	NA	NA	NA	NA
2010	257	NA	NA	NA	NA
2010	258	NA	NA	NA	NA
2010	259	NA	NA	NA	NA
2010	260	NA	NA	NA	NA
2010	261	NA	NA	NA	NA
2010	262	NA	NA	NA	NA
2010	263	NA	NA	NA	NA
2010	264	NA	NA	NA	NA
2010	265	NA	NA	NA	NA
2010	266	NA	NA	NA	NA
2010	267	NA	NA	NA	NA
2010	268	NA	NA	NA	NA
2010	269	NA	NA	NA	NA
2010	270	NA	NA	NA	NA
2010	271	NA	NA	NA	NA
2010	272	NA	NA	NA	NA
2010	273	NA	NA	NA	NA
2010	274	NA	NA	NA	NA
2010	275	NA	NA	NA	NA
2010	276	NA	NA	NA	NA
2010	277	NA	NA	NA	NA
2010	278	NA	NA	NA	NA
2010	279	NA	NA	NA	NA
2010	280	NA	NA	NA	NA
2010	281	NA	NA	NA	NA
2010	282	NA	NA	NA	NA
2010	283	NA	NA	NA	NA
2010	284	NA	NA	NA	NA
2010	285	NA	NA	NA	NA
2010	286	NA	NA	NA	NA
2010	287	NA	NA	NA	NA
2010	288	NA	NA	NA	NA
2010	289	NA	NA	NA	NA
2010	290	NA	NA	NA	NA
2010	291	NA	NA	NA	NA
2010	292	NA	NA	NA	NA
2010	293	NA	NA	NA	NA
2010	294	NA	NA	NA	NA
2010	295	NA	NA	NA	NA
2010	296	NA	NA	NA	NA
2010	297	NA	NA	NA	NA
2010	298	NA	NA	NA	NA
2010	299	NA	NA	NA	NA
2010	300	NA	NA	NA	NA
2010	301	NA	NA	NA	NA
2010	302	NA	NA	NA	NA
2010	303	NA	NA	NA	NA
2010	304	NA	NA	NA	NA
2010	305	NA	NA	NA	NA
2010	306	NA	NA	NA	NA
2010	307	NA	NA	NA	NA
2010	308	NA	NA	NA	NA
2010	309	NA	NA	NA	NA
2010	310	NA	NA	NA	NA
2010	311	NA	NA	NA	NA
2010	312	NA	NA	NA	NA
2010	313	NA	NA	NA	NA
2010	314	NA	NA	NA	NA
2010	315	NA	NA	NA	NA
2010	316	NA	NA	NA	NA
2010	317	NA	NA	NA	NA
2010	318	NA	NA	NA	NA
2010	319	NA	NA	NA	NA
2010	320	NA	NA	NA	NA
2010	321	NA	NA	NA	NA
2010	322	NA	NA	NA	NA
2010	323	NA	NA	NA	NA
2010	324	NA	NA	NA	NA
2010	325	NA	NA	NA	NA
2010	326	NA	NA	NA	NA
2010	327	NA	NA	NA	NA
2010	328	NA	NA	NA	NA
2010	329	NA	NA	NA	NA
2010	330	NA	NA	NA	NA
2010	331	NA	NA	NA	NA
2010	332	NA	NA	NA	NA
2010	333	NA	NA	NA	NA
2010	334	NA	NA	NA	NA
2010	335	NA	NA	NA	NA
2010	336	NA	NA	NA	NA
2010	337	NA	NA	NA	NA
2010	338	NA	NA	NA	NA
2010	339	NA	NA	NA	NA
2010	340	NA	NA	NA	NA
2010	341	NA	NA	NA	NA
2010	342	NA	NA	NA	NA
2010	343	NA	NA	NA	NA
2010	344	NA	NA	NA	NA
2010	345	NA	NA	NA	NA
2010	346	NA	NA	NA	NA
2010	347	NA	NA	NA	NA
2010	348	NA	NA	NA	NA
2010	349	NA	NA	NA	NA
2010	350	NA	NA	NA	NA
2010	351	NA	NA	NA	NA
2010	352	NA	NA	NA	NA
2010	353	NA	NA	NA	NA
2010	354	NA	NA	NA	NA
2010	355	NA	NA	NA	NA
2010	356	NA	NA	NA	NA
2010	357	NA	NA	NA	NA
2010	358	NA	NA	NA	NA
2010	359	NA	NA	NA	NA
2010	360	NA	NA	NA	NA
2010	361	NA	NA	NA	NA
2010	362	NA	NA	NA	NA
2010	363	NA	NA	NA	NA
2010	364	NA	NA	NA	NA
2010	365	NA	NA	NA	NA
