year	doy	Reco_st	NEE_st_fMDS	GPP_st_MDS	ET
2004	1	NA	NA	NA	NA
2004	2	NA	NA	NA	NA
2004	3	NA	NA	NA	NA
2004	4	NA	NA	NA	NA
2004	5	NA	NA	NA	NA
2004	6	NA	NA	NA	NA
2004	7	NA	NA	NA	NA
2004	8	NA	NA	NA	NA
2004	9	NA	NA	NA	NA
2004	10	NA	NA	NA	NA
2004	11	NA	NA	NA	NA
2004	12	NA	NA	NA	NA
2004	13	NA	NA	NA	NA
2004	14	NA	NA	NA	NA
2004	15	NA	NA	NA	NA
2004	16	NA	NA	NA	NA
2004	17	NA	NA	NA	NA
2004	18	NA	NA	NA	NA
2004	19	NA	NA	NA	NA
2004	20	NA	NA	NA	NA
2004	21	NA	NA	NA	NA
2004	22	NA	NA	NA	NA
2004	23	NA	NA	NA	NA
2004	24	NA	NA	NA	NA
2004	25	NA	NA	NA	NA
2004	26	NA	NA	NA	NA
2004	27	NA	NA	NA	NA
2004	28	NA	NA	NA	NA
2004	29	NA	NA	NA	NA
2004	30	NA	NA	NA	NA
2004	31	NA	NA	NA	NA
2004	32	NA	NA	NA	NA
2004	33	NA	NA	NA	NA
2004	34	NA	NA	NA	NA
2004	35	NA	NA	NA	NA
2004	36	NA	NA	NA	NA
2004	37	NA	NA	NA	NA
2004	38	NA	NA	NA	NA
2004	39	NA	NA	NA	NA
2004	40	NA	NA	NA	NA
2004	41	NA	NA	NA	NA
2004	42	NA	NA	NA	NA
2004	43	NA	NA	NA	NA
2004	44	NA	NA	NA	NA
2004	45	NA	NA	NA	NA
2004	46	NA	NA	NA	NA
2004	47	NA	NA	NA	NA
2004	48	NA	NA	NA	NA
2004	49	NA	NA	NA	NA
2004	50	NA	NA	NA	NA
2004	51	NA	NA	NA	NA
2004	52	NA	NA	NA	NA
2004	53	NA	NA	NA	NA
2004	54	NA	NA	NA	NA
2004	55	NA	NA	NA	NA
2004	56	NA	NA	NA	NA
2004	57	NA	NA	NA	NA
2004	58	NA	NA	NA	NA
2004	59	NA	NA	NA	NA
2004	60	NA	NA	NA	NA
2004	61	NA	NA	NA	NA
2004	62	NA	NA	NA	NA
2004	63	NA	NA	NA	NA
2004	64	NA	NA	NA	NA
2004	65	NA	NA	NA	NA
2004	66	NA	NA	NA	NA
2004	67	NA	NA	NA	NA
2004	68	NA	NA	NA	NA
2004	69	NA	NA	NA	NA
2004	70	NA	NA	NA	NA
2004	71	NA	NA	NA	NA
2004	72	NA	NA	NA	NA
2004	73	NA	NA	NA	NA
2004	74	NA	NA	NA	NA
2004	75	NA	NA	NA	NA
2004	76	NA	NA	NA	NA
2004	77	NA	NA	NA	NA
2004	78	NA	NA	NA	NA
2004	79	NA	NA	NA	NA
2004	80	NA	NA	NA	NA
2004	81	NA	NA	NA	NA
2004	82	NA	NA	NA	NA
2004	83	NA	NA	NA	NA
2004	84	NA	NA	NA	NA
2004	85	NA	NA	NA	NA
2004	86	NA	NA	NA	NA
2004	87	NA	NA	NA	NA
2004	88	NA	NA	NA	NA
2004	89	NA	NA	NA	NA
2004	90	NA	NA	NA	NA
2004	91	NA	NA	NA	NA
2004	92	NA	NA	NA	NA
2004	93	NA	NA	NA	NA
2004	94	NA	NA	NA	NA
2004	95	NA	NA	NA	NA
2004	96	NA	NA	NA	NA
2004	97	NA	NA	NA	NA
2004	98	NA	NA	NA	NA
2004	99	NA	NA	NA	NA
2004	100	NA	NA	NA	NA
2004	101	NA	NA	NA	NA
2004	102	NA	NA	NA	NA
2004	103	NA	NA	NA	NA
2004	104	NA	NA	NA	NA
2004	105	NA	NA	NA	NA
2004	106	NA	NA	NA	NA
2004	107	NA	NA	NA	NA
2004	108	NA	NA	NA	NA
2004	109	NA	NA	NA	NA
2004	110	NA	NA	NA	NA
2004	111	NA	NA	NA	NA
2004	112	NA	NA	NA	NA
2004	113	NA	NA	NA	NA
2004	114	NA	NA	NA	NA
2004	115	NA	NA	NA	NA
2004	116	NA	NA	NA	NA
2004	117	NA	NA	NA	NA
2004	118	NA	NA	NA	NA
2004	119	NA	NA	NA	NA
2004	120	NA	NA	NA	NA
2004	121	NA	NA	NA	NA
2004	122	NA	NA	NA	NA
2004	123	NA	NA	NA	NA
2004	124	NA	NA	NA	NA
2004	125	NA	NA	NA	NA
2004	126	NA	NA	NA	NA
2004	127	NA	NA	NA	NA
2004	128	NA	NA	NA	NA
2004	129	NA	NA	NA	NA
2004	130	NA	NA	NA	NA
2004	131	NA	NA	NA	NA
2004	132	NA	NA	NA	NA
2004	133	NA	NA	NA	NA
2004	134	NA	NA	NA	NA
2004	135	NA	NA	NA	NA
2004	136	NA	NA	NA	NA
2004	137	NA	NA	NA	NA
2004	138	NA	NA	NA	NA
2004	139	NA	NA	NA	NA
2004	140	NA	NA	NA	NA
2004	141	NA	NA	NA	NA
2004	142	NA	NA	NA	NA
2004	143	NA	NA	NA	NA
2004	144	NA	NA	NA	NA
2004	145	NA	NA	NA	NA
2004	146	NA	NA	NA	NA
2004	147	NA	NA	NA	NA
2004	148	NA	NA	NA	NA
2004	149	NA	NA	NA	NA
2004	150	NA	NA	NA	NA
2004	151	NA	NA	NA	NA
2004	152	NA	NA	NA	NA
2004	153	NA	NA	NA	NA
2004	154	NA	NA	NA	NA
2004	155	NA	NA	NA	NA
2004	156	NA	NA	NA	NA
2004	157	NA	NA	NA	NA
2004	158	NA	NA	NA	NA
2004	159	NA	NA	NA	NA
2004	160	NA	NA	NA	NA
2004	161	NA	NA	NA	NA
2004	162	NA	NA	NA	NA
2004	163	NA	NA	NA	NA
2004	164	NA	NA	NA	NA
2004	165	NA	NA	NA	NA
2004	166	NA	NA	NA	NA
2004	167	NA	NA	NA	NA
2004	168	NA	NA	NA	NA
2004	169	NA	NA	NA	NA
2004	170	NA	NA	NA	NA
2004	171	NA	NA	NA	NA
2004	172	NA	NA	NA	NA
2004	173	NA	NA	NA	NA
2004	174	NA	NA	NA	NA
2004	175	NA	NA	NA	NA
2004	176	NA	NA	NA	NA
2004	177	NA	NA	NA	NA
2004	178	NA	NA	NA	NA
2004	179	NA	NA	NA	NA
2004	180	NA	NA	NA	NA
2004	181	NA	NA	NA	NA
2004	182	NA	NA	NA	NA
2004	183	NA	NA	NA	NA
2004	184	NA	NA	NA	NA
2004	185	NA	NA	NA	NA
2004	186	NA	NA	NA	NA
2004	187	NA	NA	NA	NA
2004	188	NA	NA	NA	NA
2004	189	NA	NA	NA	NA
2004	190	NA	NA	NA	NA
2004	191	NA	NA	NA	NA
2004	192	NA	NA	NA	NA
2004	193	NA	NA	NA	NA
2004	194	NA	NA	NA	NA
2004	195	NA	NA	NA	NA
2004	196	NA	NA	NA	NA
2004	197	NA	NA	NA	NA
2004	198	NA	NA	NA	NA
2004	199	NA	NA	NA	NA
2004	200	NA	NA	NA	NA
2004	201	NA	NA	NA	NA
2004	202	NA	NA	NA	NA
2004	203	NA	NA	NA	NA
2004	204	NA	NA	NA	NA
2004	205	NA	NA	NA	NA
2004	206	NA	NA	NA	NA
2004	207	NA	NA	NA	NA
2004	208	NA	NA	NA	NA
2004	209	NA	NA	NA	NA
2004	210	NA	NA	NA	NA
2004	211	NA	NA	NA	NA
2004	212	NA	NA	NA	NA
2004	213	NA	NA	NA	NA
2004	214	NA	NA	NA	NA
2004	215	NA	NA	NA	NA
2004	216	NA	NA	NA	NA
2004	217	NA	NA	NA	NA
2004	218	NA	NA	NA	NA
2004	219	NA	NA	NA	NA
2004	220	NA	NA	NA	NA
2004	221	NA	NA	NA	NA
2004	222	NA	NA	NA	NA
2004	223	NA	NA	NA	NA
2004	224	NA	NA	NA	NA
2004	225	NA	NA	NA	NA
2004	226	NA	NA	NA	NA
2004	227	NA	NA	NA	NA
2004	228	NA	NA	NA	NA
2004	229	NA	NA	NA	NA
2004	230	NA	NA	NA	NA
2004	231	NA	NA	NA	NA
2004	232	NA	NA	NA	NA
2004	233	NA	NA	NA	NA
2004	234	NA	NA	NA	NA
2004	235	NA	NA	NA	NA
2004	236	NA	NA	NA	NA
2004	237	NA	NA	NA	NA
2004	238	NA	NA	NA	NA
2004	239	NA	NA	NA	NA
2004	240	NA	NA	NA	NA
2004	241	NA	NA	NA	NA
2004	242	NA	NA	NA	NA
2004	243	NA	NA	NA	NA
2004	244	NA	NA	NA	NA
2004	245	NA	NA	NA	NA
2004	246	NA	NA	NA	NA
2004	247	NA	NA	NA	NA
2004	248	NA	NA	NA	NA
2004	249	NA	NA	NA	NA
2004	250	NA	NA	NA	NA
2004	251	NA	NA	NA	NA
2004	252	NA	NA	NA	NA
2004	253	NA	NA	NA	NA
2004	254	NA	NA	NA	NA
2004	255	NA	NA	NA	NA
2004	256	NA	NA	NA	NA
2004	257	NA	NA	NA	NA
2004	258	NA	NA	NA	NA
2004	259	NA	NA	NA	NA
2004	260	NA	NA	NA	NA
2004	261	NA	NA	NA	NA
2004	262	NA	NA	NA	NA
2004	263	NA	NA	NA	NA
2004	264	NA	NA	NA	NA
2004	265	NA	NA	NA	NA
2004	266	NA	NA	NA	NA
2004	267	NA	NA	NA	NA
2004	268	NA	NA	NA	NA
2004	269	NA	NA	NA	NA
2004	270	NA	NA	NA	NA
2004	271	NA	NA	NA	NA
2004	272	NA	NA	NA	NA
2004	273	NA	NA	NA	NA
2004	274	NA	NA	NA	NA
2004	275	NA	NA	NA	NA
2004	276	NA	NA	NA	NA
2004	277	NA	NA	NA	NA
2004	278	NA	NA	NA	NA
2004	279	NA	NA	NA	NA
2004	280	NA	NA	NA	NA
2004	281	NA	NA	NA	NA
2004	282	NA	NA	NA	NA
2004	283	NA	NA	NA	NA
2004	284	NA	NA	NA	NA
2004	285	NA	NA	NA	NA
2004	286	NA	NA	NA	NA
2004	287	NA	NA	NA	NA
2004	288	NA	NA	NA	NA
2004	289	NA	NA	NA	NA
2004	290	NA	NA	NA	NA
2004	291	NA	NA	NA	NA
2004	292	NA	NA	NA	NA
2004	293	NA	NA	NA	NA
2004	294	NA	NA	NA	NA
2004	295	NA	NA	NA	NA
2004	296	NA	NA	NA	NA
2004	297	NA	NA	NA	NA
2004	298	NA	NA	NA	NA
2004	299	NA	NA	NA	NA
2004	300	NA	NA	NA	NA
2004	301	NA	NA	NA	NA
2004	302	NA	NA	NA	NA
2004	303	NA	NA	NA	NA
2004	304	NA	NA	NA	NA
2004	305	NA	NA	NA	NA
2004	306	NA	NA	NA	NA
2004	307	NA	NA	NA	NA
2004	308	NA	NA	NA	NA
2004	309	NA	NA	NA	NA
2004	310	NA	NA	NA	NA
2004	311	NA	NA	NA	NA
2004	312	NA	NA	NA	NA
2004	313	NA	NA	NA	NA
2004	314	NA	NA	NA	NA
2004	315	NA	NA	NA	NA
2004	316	NA	NA	NA	NA
2004	317	NA	NA	NA	NA
2004	318	NA	NA	NA	NA
2004	319	NA	NA	NA	NA
2004	320	NA	NA	NA	NA
2004	321	NA	NA	NA	NA
2004	322	NA	NA	NA	NA
2004	323	NA	NA	NA	NA
2004	324	NA	NA	NA	NA
2004	325	NA	NA	NA	NA
2004	326	NA	NA	NA	NA
2004	327	NA	NA	NA	NA
2004	328	NA	NA	NA	NA
2004	329	NA	NA	NA	NA
2004	330	NA	NA	NA	NA
2004	331	NA	NA	NA	NA
2004	332	NA	NA	NA	NA
2004	333	NA	NA	NA	NA
2004	334	NA	NA	NA	NA
2004	335	NA	NA	NA	NA
2004	336	NA	NA	NA	NA
2004	337	NA	NA	NA	NA
2004	338	NA	NA	NA	NA
2004	339	NA	NA	NA	NA
2004	340	NA	NA	NA	NA
2004	341	NA	NA	NA	NA
2004	342	NA	NA	NA	NA
2004	343	NA	NA	NA	NA
2004	344	NA	NA	NA	NA
2004	345	NA	NA	NA	NA
2004	346	NA	NA	NA	NA
2004	347	NA	NA	NA	NA
2004	348	NA	NA	NA	NA
2004	349	NA	NA	NA	NA
2004	350	NA	NA	NA	NA
2004	351	NA	NA	NA	NA
2004	352	NA	NA	NA	NA
2004	353	NA	NA	NA	NA
2004	354	NA	NA	NA	NA
2004	355	NA	NA	NA	NA
2004	356	NA	NA	NA	NA
2004	357	NA	NA	NA	NA
2004	358	NA	NA	NA	NA
2004	359	NA	NA	NA	NA
2004	360	NA	NA	NA	NA
2004	361	NA	NA	NA	NA
2004	362	NA	NA	NA	NA
2004	363	NA	NA	NA	NA
2004	364	NA	NA	NA	NA
2004	365	NA	NA	NA	NA
2004	366	NA	NA	NA	NA
2005	1	NA	NA	NA	NA
2005	2	NA	NA	NA	NA
2005	3	NA	NA	NA	NA
2005	4	NA	NA	NA	NA
2005	5	NA	NA	NA	NA
2005	6	NA	NA	NA	NA
2005	7	NA	NA	NA	NA
2005	8	NA	NA	NA	NA
2005	9	NA	NA	NA	NA
2005	10	NA	NA	NA	NA
2005	11	NA	NA	NA	NA
2005	12	NA	NA	NA	NA
2005	13	NA	NA	NA	NA
2005	14	NA	NA	NA	NA
2005	15	NA	NA	NA	NA
2005	16	NA	NA	NA	NA
2005	17	NA	NA	NA	NA
2005	18	NA	NA	NA	NA
2005	19	NA	NA	NA	NA
2005	20	NA	NA	NA	NA
2005	21	NA	NA	NA	NA
2005	22	NA	NA	NA	NA
2005	23	NA	NA	NA	NA
2005	24	NA	NA	NA	NA
2005	25	NA	NA	NA	NA
2005	26	NA	NA	NA	NA
2005	27	NA	NA	NA	NA
2005	28	NA	NA	NA	NA
2005	29	NA	NA	NA	NA
2005	30	NA	NA	NA	NA
2005	31	NA	NA	NA	NA
2005	32	NA	NA	NA	NA
2005	33	NA	NA	NA	NA
2005	34	NA	NA	NA	NA
2005	35	NA	NA	NA	NA
2005	36	NA	NA	NA	NA
2005	37	NA	NA	NA	NA
2005	38	NA	NA	NA	NA
2005	39	NA	NA	NA	NA
2005	40	NA	NA	NA	NA
2005	41	NA	NA	NA	NA
2005	42	NA	NA	NA	NA
2005	43	NA	NA	NA	NA
2005	44	NA	NA	NA	NA
2005	45	NA	NA	NA	NA
2005	46	NA	NA	NA	NA
2005	47	NA	NA	NA	NA
2005	48	NA	NA	NA	NA
2005	49	NA	NA	NA	NA
2005	50	NA	NA	NA	NA
2005	51	NA	NA	NA	NA
2005	52	NA	NA	NA	NA
2005	53	NA	NA	NA	NA
2005	54	NA	NA	NA	NA
2005	55	NA	NA	NA	NA
2005	56	NA	NA	NA	NA
2005	57	NA	NA	NA	NA
2005	58	NA	NA	NA	NA
2005	59	NA	NA	NA	NA
2005	60	NA	NA	NA	NA
2005	61	NA	NA	NA	NA
2005	62	NA	NA	NA	NA
2005	63	NA	NA	NA	NA
2005	64	NA	NA	NA	NA
2005	65	NA	NA	NA	NA
2005	66	NA	NA	NA	NA
2005	67	NA	NA	NA	NA
2005	68	NA	NA	NA	NA
2005	69	NA	NA	NA	NA
2005	70	NA	NA	NA	NA
2005	71	NA	NA	NA	NA
2005	72	NA	NA	NA	NA
2005	73	NA	NA	NA	NA
2005	74	NA	NA	NA	NA
2005	75	NA	NA	NA	NA
2005	76	NA	NA	NA	NA
2005	77	NA	NA	NA	NA
2005	78	NA	NA	NA	NA
2005	79	NA	NA	NA	NA
2005	80	NA	NA	NA	NA
2005	81	NA	NA	NA	NA
2005	82	NA	NA	NA	NA
2005	83	NA	NA	NA	NA
2005	84	NA	NA	NA	NA
2005	85	NA	NA	NA	NA
2005	86	NA	NA	NA	NA
2005	87	NA	NA	NA	NA
2005	88	NA	NA	NA	NA
2005	89	NA	NA	NA	NA
2005	90	NA	NA	NA	NA
2005	91	NA	NA	NA	NA
2005	92	NA	NA	NA	NA
2005	93	NA	NA	NA	NA
2005	94	NA	NA	NA	NA
2005	95	NA	NA	NA	NA
2005	96	NA	NA	NA	NA
2005	97	NA	NA	NA	NA
2005	98	NA	NA	NA	NA
2005	99	NA	NA	NA	NA
2005	100	NA	NA	NA	NA
2005	101	NA	NA	NA	NA
2005	102	NA	NA	NA	NA
2005	103	NA	NA	NA	NA
2005	104	NA	NA	NA	NA
2005	105	NA	NA	NA	NA
2005	106	NA	NA	NA	NA
2005	107	NA	NA	NA	NA
2005	108	NA	NA	NA	NA
2005	109	NA	NA	NA	NA
2005	110	NA	NA	NA	NA
2005	111	NA	NA	NA	NA
2005	112	NA	NA	NA	NA
2005	113	NA	NA	NA	NA
2005	114	NA	NA	NA	NA
2005	115	NA	NA	NA	NA
2005	116	NA	NA	NA	NA
2005	117	NA	NA	NA	NA
2005	118	NA	NA	NA	NA
2005	119	NA	NA	NA	NA
2005	120	NA	NA	NA	NA
2005	121	NA	NA	NA	NA
2005	122	NA	NA	NA	NA
2005	123	NA	NA	NA	NA
2005	124	NA	NA	NA	NA
2005	125	NA	NA	NA	NA
2005	126	NA	NA	NA	NA
2005	127	NA	NA	NA	NA
2005	128	NA	NA	NA	NA
2005	129	NA	NA	NA	NA
2005	130	NA	NA	NA	NA
2005	131	NA	NA	NA	NA
2005	132	NA	NA	NA	NA
2005	133	NA	NA	NA	NA
2005	134	NA	NA	NA	NA
2005	135	NA	NA	NA	NA
2005	136	NA	NA	NA	NA
2005	137	NA	NA	NA	NA
2005	138	NA	NA	NA	NA
2005	139	NA	NA	NA	NA
2005	140	NA	NA	NA	NA
2005	141	NA	NA	NA	NA
2005	142	NA	NA	NA	NA
2005	143	NA	NA	NA	NA
2005	144	NA	NA	NA	NA
2005	145	NA	NA	NA	NA
2005	146	NA	NA	NA	NA
2005	147	NA	NA	NA	NA
2005	148	NA	NA	NA	NA
2005	149	NA	NA	NA	NA
2005	150	NA	NA	NA	NA
2005	151	NA	NA	NA	NA
2005	152	NA	NA	NA	NA
2005	153	NA	NA	NA	NA
2005	154	NA	NA	NA	NA
2005	155	NA	NA	NA	NA
2005	156	NA	NA	NA	NA
2005	157	NA	NA	NA	NA
2005	158	NA	NA	NA	NA
2005	159	NA	NA	NA	NA
2005	160	NA	NA	NA	NA
2005	161	NA	NA	NA	NA
2005	162	NA	NA	NA	NA
2005	163	NA	NA	NA	NA
2005	164	NA	NA	NA	NA
2005	165	NA	NA	NA	NA
2005	166	NA	NA	NA	NA
2005	167	NA	NA	NA	NA
2005	168	NA	NA	NA	NA
2005	169	NA	NA	NA	NA
2005	170	NA	NA	NA	NA
2005	171	NA	NA	NA	NA
2005	172	NA	NA	NA	NA
2005	173	NA	NA	NA	NA
2005	174	NA	NA	NA	NA
2005	175	NA	NA	NA	NA
2005	176	NA	NA	NA	NA
2005	177	NA	NA	NA	NA
2005	178	NA	NA	NA	NA
2005	179	NA	NA	NA	NA
2005	180	NA	NA	NA	NA
2005	181	NA	NA	NA	NA
2005	182	NA	NA	NA	NA
2005	183	NA	NA	NA	NA
2005	184	NA	NA	NA	NA
2005	185	NA	NA	NA	NA
2005	186	NA	NA	NA	NA
2005	187	NA	NA	NA	NA
2005	188	NA	NA	NA	NA
2005	189	NA	NA	NA	NA
2005	190	NA	NA	NA	NA
2005	191	NA	NA	NA	NA
2005	192	NA	NA	NA	NA
2005	193	NA	NA	NA	NA
2005	194	NA	NA	NA	NA
2005	195	NA	NA	NA	NA
2005	196	NA	NA	NA	NA
2005	197	NA	NA	NA	NA
2005	198	NA	NA	NA	NA
2005	199	NA	NA	NA	NA
2005	200	NA	NA	NA	NA
2005	201	NA	NA	NA	NA
2005	202	NA	NA	NA	NA
2005	203	NA	NA	NA	NA
2005	204	NA	NA	NA	NA
2005	205	NA	NA	NA	NA
2005	206	NA	NA	NA	NA
2005	207	NA	NA	NA	NA
2005	208	NA	NA	NA	NA
2005	209	NA	NA	NA	NA
2005	210	NA	NA	NA	NA
2005	211	NA	NA	NA	NA
2005	212	NA	NA	NA	NA
2005	213	NA	NA	NA	NA
2005	214	NA	NA	NA	NA
2005	215	NA	NA	NA	NA
2005	216	NA	NA	NA	NA
2005	217	NA	NA	NA	NA
2005	218	NA	NA	NA	NA
2005	219	NA	NA	NA	NA
2005	220	NA	NA	NA	NA
2005	221	NA	NA	NA	NA
2005	222	NA	NA	NA	NA
2005	223	NA	NA	NA	NA
2005	224	NA	NA	NA	NA
2005	225	NA	NA	NA	NA
2005	226	NA	NA	NA	NA
2005	227	NA	NA	NA	NA
2005	228	NA	NA	NA	NA
2005	229	NA	NA	NA	NA
2005	230	NA	NA	NA	NA
2005	231	NA	NA	NA	NA
2005	232	NA	NA	NA	NA
2005	233	NA	NA	NA	NA
2005	234	NA	NA	NA	NA
2005	235	NA	NA	NA	NA
2005	236	NA	NA	NA	NA
2005	237	NA	NA	NA	NA
2005	238	NA	NA	NA	NA
2005	239	NA	NA	NA	NA
2005	240	NA	NA	NA	NA
2005	241	NA	NA	NA	NA
2005	242	NA	NA	NA	NA
2005	243	NA	NA	NA	NA
2005	244	NA	NA	NA	NA
2005	245	NA	NA	NA	NA
2005	246	NA	NA	NA	NA
2005	247	NA	NA	NA	NA
2005	248	NA	NA	NA	NA
2005	249	NA	NA	NA	NA
2005	250	NA	NA	NA	NA
2005	251	NA	NA	NA	NA
2005	252	NA	NA	NA	NA
2005	253	NA	NA	NA	NA
2005	254	NA	NA	NA	NA
2005	255	NA	NA	NA	NA
2005	256	NA	NA	NA	NA
2005	257	NA	NA	NA	NA
2005	258	NA	NA	NA	NA
2005	259	NA	NA	NA	NA
2005	260	NA	NA	NA	NA
2005	261	NA	NA	NA	NA
2005	262	NA	NA	NA	NA
2005	263	NA	NA	NA	NA
2005	264	NA	NA	NA	NA
2005	265	NA	NA	NA	NA
2005	266	NA	NA	NA	NA
2005	267	NA	NA	NA	NA
2005	268	NA	NA	NA	NA
2005	269	NA	NA	NA	NA
2005	270	NA	NA	NA	NA
2005	271	NA	NA	NA	NA
2005	272	NA	NA	NA	NA
2005	273	NA	NA	NA	NA
2005	274	NA	NA	NA	NA
2005	275	NA	NA	NA	NA
2005	276	NA	NA	NA	NA
2005	277	NA	NA	NA	NA
2005	278	NA	NA	NA	NA
2005	279	NA	NA	NA	NA
2005	280	NA	NA	NA	NA
2005	281	NA	NA	NA	NA
2005	282	NA	NA	NA	NA
2005	283	NA	NA	NA	NA
2005	284	NA	NA	NA	NA
2005	285	NA	NA	NA	NA
2005	286	NA	NA	NA	NA
2005	287	NA	NA	NA	NA
2005	288	NA	NA	NA	NA
2005	289	NA	NA	NA	NA
2005	290	NA	NA	NA	NA
2005	291	NA	NA	NA	NA
2005	292	NA	NA	NA	NA
2005	293	NA	NA	NA	NA
2005	294	NA	NA	NA	NA
2005	295	NA	NA	NA	NA
2005	296	NA	NA	NA	NA
2005	297	NA	NA	NA	NA
2005	298	NA	NA	NA	NA
2005	299	NA	NA	NA	NA
2005	300	NA	NA	NA	NA
2005	301	NA	NA	NA	NA
2005	302	NA	NA	NA	NA
2005	303	NA	NA	NA	NA
2005	304	NA	NA	NA	NA
2005	305	NA	NA	NA	NA
2005	306	NA	NA	NA	NA
2005	307	NA	NA	NA	NA
2005	308	NA	NA	NA	NA
2005	309	NA	NA	NA	NA
2005	310	NA	NA	NA	NA
2005	311	NA	NA	NA	NA
2005	312	NA	NA	NA	NA
2005	313	NA	NA	NA	NA
2005	314	NA	NA	NA	NA
2005	315	NA	NA	NA	NA
2005	316	NA	NA	NA	NA
2005	317	NA	NA	NA	NA
2005	318	NA	NA	NA	NA
2005	319	NA	NA	NA	NA
2005	320	NA	NA	NA	NA
2005	321	NA	NA	NA	NA
2005	322	NA	NA	NA	NA
2005	323	NA	NA	NA	NA
2005	324	NA	NA	NA	NA
2005	325	NA	NA	NA	NA
2005	326	NA	NA	NA	NA
2005	327	NA	NA	NA	NA
2005	328	NA	NA	NA	NA
2005	329	NA	NA	NA	NA
2005	330	NA	NA	NA	NA
2005	331	NA	NA	NA	NA
2005	332	NA	NA	NA	NA
2005	333	NA	NA	NA	NA
2005	334	NA	NA	NA	NA
2005	335	NA	NA	NA	NA
2005	336	NA	NA	NA	NA
2005	337	NA	NA	NA	NA
2005	338	NA	NA	NA	NA
2005	339	NA	NA	NA	NA
2005	340	NA	NA	NA	NA
2005	341	NA	NA	NA	NA
2005	342	NA	NA	NA	NA
2005	343	NA	NA	NA	NA
2005	344	NA	NA	NA	NA
2005	345	NA	NA	NA	NA
2005	346	NA	NA	NA	NA
2005	347	NA	NA	NA	NA
2005	348	NA	NA	NA	NA
2005	349	NA	NA	NA	NA
2005	350	NA	NA	NA	NA
2005	351	NA	NA	NA	NA
2005	352	NA	NA	NA	NA
2005	353	NA	NA	NA	NA
2005	354	NA	NA	NA	NA
2005	355	NA	NA	NA	NA
2005	356	NA	NA	NA	NA
2005	357	NA	NA	NA	NA
2005	358	NA	NA	NA	NA
2005	359	NA	NA	NA	NA
2005	360	NA	NA	NA	NA
2005	361	NA	NA	NA	NA
2005	362	NA	NA	NA	NA
2005	363	NA	NA	NA	NA
2005	364	NA	NA	NA	NA
2005	365	NA	NA	NA	NA
2006	1	0.935	0.14	0.795	1.101190149
2006	2	0.875	0.4575	0.415	0.399386354
2006	3	0.785	-0.6125	1.3975	0.201611627
2006	4	0.645	-0.6525	1.2975	0.241724667
2006	5	0.475	0.01	0.46	0.185217602
2006	6	0.435	-0.13	0.5625	0.151383125
2006	7	0.125	-0.14	0.2675	0.100457004
2006	8	0.16	-0.0475	0.2075	0.860860719
2006	9	0.04	0.0425	-0.0025	0.132896245
2006	10	0.105	-1.4525	1.5575	-0.025811869
2006	11	0.195	-5.1325	5.325	-0.113711748
2006	12	0.28	-0.48	0.76	0.206494954
2006	13	0.295	-0.375	0.6675	0.16045216
2006	14	0.27	0.6025	-0.3325	0.312881712
2006	15	0.55	1.0275	-0.4825	0.162196205
2006	16	0.87	0.49	0.3825	0.271373436
2006	17	0.99	1.765	-0.7725	1.965190149
2006	18	0.97	0.085	0.88	1.452440856
2006	19	0.96	-1.115	2.0775	0.558443278
2006	20	0.855	1.0825	-0.225	1.163975777
2006	21	0.695	0.8725	-0.1775	0.312532903
2006	22	0.705	0.2725	0.4325	0.565419459
2006	23	0.485	-0.225	0.7075	0.569605168
2006	24	0.175	-0.9325	1.105	0.16777715
2006	25	0.235	-0.3825	0.6125	0.104991522
2006	26	0.395	-0.9325	1.3275	0.434267259
2006	27	0.285	-0.69	0.9775	0.210680662
2006	28	0.37	0.1725	0.2	0.544839725
2006	29	0.18	0.7475	-0.5675	0.340088817
2006	30	0.065	0.82	-0.76	0.274512717
2006	31	0.14	-0.8875	1.025	0.119990311
2006	32	0.215	-1.1825	1.395	-0.001744045
2006	33	0.12	-1.685	1.805	-0.005929754
2006	34	0.095	-0.9525	1.0475	0.171962858
2006	35	0.435	0.0675	0.37	0.041508276
2006	36	0.63	-0.45	1.0775	0.068017763
2006	37	0.965	0.8875	0.075	0.330670973
2006	38	1.1	1.165	-0.0625	0.077086799
2006	39	1.305	-0.32	1.625	0.927134437
2006	40	1.49	0.4375	1.05	0.483449334
2006	41	1.245	0.65	0.5925	0.169172386
2006	42	0.72	-0.4525	1.17	0.361366169
2006	43	0.495	0.9375	-0.4475	0.305207913
2006	44	0.555	1.7325	-1.175	0.793889382
2006	45	0.53	-0.0125	0.54	0.607276544
2006	46	0.485	-1.4425	1.9275	2.041230521
2006	47	0.49	0.7325	-0.2425	2.368413403
2006	48	0.11	0.63	-0.5175	1.001430763
2006	49	0.035	-0.56	0.595	2.232726686
2006	50	0.205	-0.01	0.215	1.810318934
2006	51	0.36	-0.27	0.6325	1.708815503
2006	52	0.5	-0.6875	1.19	1.233388777
2006	53	0.825	0.3025	0.52	0.491123133
2006	54	0.885	0.225	0.66	0.380550666
2006	55	0.86	1.29	-0.4275	1.229551877
2006	56	1.165	0.0875	1.0775	1.031428341
2006	57	1.035	-0.415	1.4475	0.369737586
2006	58	0.885	0.4075	0.48	0.421710133
2006	59	0.475	1.465	-0.99	0.820747679
2006	60	0.105	-0.3125	0.415	0.806795317
2006	61	0.045	-0.5725	0.6175	0.887021397
2006	62	0.195	-4.48	4.68	3.261364554
2006	63	0.75	0.8625	-0.115	0.465660073
2006	64	1.42	-0.3075	1.73	0.712268066
2006	65	1.945	-0.6325	2.575	1.296872023
2006	66	2.815	3.1475	-0.335	3.544946306
2006	67	5.005	0.2375	4.77	2.56270004
2006	68	4.915	2.6425	2.2675	3.062543399
2006	69	3.76	3.0325	0.7275	3.40123698
2006	70	3.37	-1.235	4.6075	1.434651595
2006	71	1.845	-0.6225	2.4675	0.910740412
2006	72	1.595	-0.78	2.375	0.562280178
2006	73	1.49	-0.66	2.15	0.423105369
2006	74	0.845	-0.0275	0.87	0.417175616
2006	75	0.655	0.4375	0.215	0.425895842
2006	76	0.76	-0.1425	0.9025	0.551467097
2006	77	0.765	-0.8625	1.63	0.463916027
2006	78	1.055	0.425	0.6325	0.436011304
2006	79	1.52	2.83	-1.31	0.358924505
2006	80	1.12	-0.215	1.335	0.103945095
2006	81	1.235	-3.06	4.2975	1.845897457
2006	82	1.27	-0.3	1.5675	0.490425515
2006	83	1.895	3.5975	-1.7	2.213890997
2006	84	1.98	2.155	-0.175	2.138897053
2006	85	2.62	1.41	1.2075	3.477626161
2006	86	2.42	1.6225	0.7975	2.548050061
2006	87	1.535	0.985	0.5475	2.462591845
2006	88	1.875	1.3	0.575	0.851094065
2006	89	1.98	0.96	1.02	3.374378684
2006	90	2.145	2.065	0.0775	0.993756964
2006	91	2.04	2.55	-0.5075	2.169592249
2006	92	1.89	1.965	-0.0775	1.941471134
2006	93	1.795	0.48	1.315	0.94771417
2006	94	1.535	0.315	1.22	0.930622527
2006	95	1.52	-1.965	3.4875	0.784471538
2006	96	1.46	-0.34	1.8075	0.439848203
2006	97	1.935	1.4775	0.46	0.515539766
2006	98	2.11	1.295	0.8175	0.369388777
2006	99	2.21	0.9075	1.3025	0.542398062
2006	100	1.955	0.085	1.8675	0.75447396
2006	101	1.88	-0.06	1.9425	0.659597901
2006	102	1.845	1.0425	0.805	0.769472749
2006	103	1.805	1.405	0.3975	0.096271296
2006	104	1.885	0.905	0.9775	0.277303189
2006	105	1.76	-0.945	2.705	0.930622527
2006	106	1.72	-0.055	1.7775	1.425233751
2006	107	1.84	1.375	0.4625	0.839583367
2006	108	2.16	0.9875	1.1775	0.657853855
2006	109	2.495	0.115	2.3825	0.564373032
2006	110	3.185	0.49	2.6975	0.505075495
2006	111	3.955	1.6875	2.27	0.826677432
2006	112	3.9	0.27	3.63	1.027591441
2006	113	3.815	1.4575	2.3575	0.611462253
2006	114	4.49	2.0875	2.405	2.091110214
2006	115	4.675	-0.9425	5.6175	1.442674203
2006	116	4.385	1.2325	3.1525	1.234086395
2006	117	3.87	0.0425	3.8275	1.332101736
2006	118	3.365	-0.9025	4.275	1.315010093
2006	119	2.975	-0.99	3.965	0.904461849
2006	120	3.15	-1.095	4.245	0.653668147
2006	121	3.655	-0.4125	4.0675	1.896474768
2006	122	4.885	1.7075	3.175	1.476857489
2006	123	5.275	0.575	4.705	1.030381914
2006	124	5.54	1.1325	4.405	1.546968107
2006	125	5.26	-2.0525	7.3125	1.385120711
2006	126	5.03	-1.44	6.4725	0.759706096
2006	127	5.09	-2.225	7.3125	1.564757368
2006	128	4.395	-1.755	6.1525	4.676831651
2006	129	3.4	-1.71	5.11	3.005687525
2006	130	3.405	-4.79	8.1975	1.334892208
2006	131	5.1	-4.91	10.015	2.079250706
2006	132	5.345	-2.84	8.18	1.709513121
2006	133	4.83	-5.305	10.135	1.736720226
2006	134	4.92	-5.4475	10.3675	1.69137505
2006	135	5.7	-3.73	9.43	1.499181268
2006	136	5.595	-3.4175	9.0125	1.35268147
2006	137	5.9	-5.4925	11.39	1.974259184
2006	138	5.84	-4.45	10.2875	2.957900686
2006	139	4.965	-4.76	9.725	2.796750908
2006	140	5.1	-3.335	8.4375	4.267678644
2006	141	5.565	-3.9175	9.4825	2.021697214
2006	142	4.475	-5.4475	9.9225	3.908405329
2006	143	4	-5.7275	9.725	2.215635042
2006	144	4.35	-6.57	10.92	2.979875656
2006	145	4.875	-0.7825	5.66	2.09634235
2006	146	5.71	-2.815	8.525	1.918449738
2006	147	5.975	-2.535	8.51	1.670795317
2006	148	5.455	-4.8625	10.3175	2.593395236
2006	149	4.06	-5.465	9.5225	2.926159063
2006	150	3.955	-6.46	10.41	2.321324182
2006	151	3.89	-4.2375	8.135	2.810005652
2006	152	3.5	-5.75	9.2475	1.821132015
2006	153	3.57	-7.1475	10.7175	2.294117077
2006	154	4.16	-8.015	12.1725	2.866861526
2006	155	4.08	-8.12	12.2025	2.02692935
2006	156	4.925	-7.1425	12.07	2.497472749
2006	157	4.58	-7.11	11.69	2.723849818
2006	158	4.925	-6.6625	11.585	3.005338716
2006	159	5.275	-6.17	11.445	3.467859507
2006	160	5.545	-6.02	11.5675	3.709932983
2006	161	6.065	-3.1475	9.215	4.35278805
2006	162	6.445	-4.02	10.4675	3.94433266
2006	163	6.68	-5.2375	11.9175	3.765044812
2006	164	6.815	-3.05	9.865	4.442083165
2006	165	5.81	-7.4675	13.275	3.085913605
2006	166	4.61	-2.1925	6.805	1.233039968
2006	167	4.675	-7.0025	11.6775	3.574943884
2006	168	4.955	-7.235	12.1925	3.759812677
2006	169	5.52	-5.095	10.615	2.455266855
2006	170	5.1	-7.6175	12.72	2.71582721
2006	171	4.55	-7.4925	12.04	2.713036738
2006	172	4.325	-7.9175	12.2475	3.637380702
2006	173	3.735	-8.4525	12.1875	3.145908761
2006	174	4.2	-7.475	11.6725	3.445535729
2006	175	4.89	-7.575	12.465	3.680981833
2006	176	4.27	0.08	4.1925	1.871360517
2006	177	4.51	-5.56	10.07	3.189161082
2006	178	4.445	-5.775	10.2175	3.56168914
2006	179	4.38	-8.795	13.1775	3.281595478
2006	180	4.555	-6.5475	11.1075	4.0538587
2006	181	5.045	-6.9625	12.0075	4.406853452
2006	182	5.205	-4.565	9.77	4.724269681
2006	183	5.12	-4.4225	9.545	5.016920468
2006	184	5.435	-5.4875	10.9175	4.438595075
2006	185	5.38	-5.84	11.22	3.646100929
2006	186	4.69	-8.1975	12.885	3.529249899
2006	187	4.345	-6.5	10.845	2.736406944
2006	188	4.16	-5.655	9.815	2.435733549
2006	189	4.49	-7.3325	11.8225	3.272875252
2006	190	4.4	-6.5725	10.97	2.96766734
2006	191	4.7	-7.255	11.955	4.289653613
2006	192	4.335	-5.8125	10.15	4.080716996
2006	193	3.925	-6.625	10.5525	3.820156641
2006	194	3.94	-5.51	9.46	4.379646346
2006	195	3.965	-8.185	12.15	4.187103755
2006	196	4.115	-4.87	8.99	4.6517174
2006	197	4.225	-3.275	7.4975	4.478359306
2006	198	4.255	-2.5575	6.815	4.24709891
2006	199	4.155	-1.2925	5.4475	4.213264433
2006	200	4.075	-1.7	5.775	3.858176827
2006	201	3.33	-3.845	7.175	3.39774889
2006	202	3.65	-3.45	7.0975	3.774113847
2006	203	2.93	-5.88	8.8075	3.344381106
2006	204	1.715	-6.31	8.025	3.276014534
2006	205	1.67	-4.9075	6.5775	3.87526847
2006	206	1.655	-4.235	5.89	4.059090836
2006	207	2.52	-2.155	4.6775	3.93351958
2006	208	2.925	-4.43	7.3575	1.630682277
2006	209	2.84	-5.59	8.43	2.875232943
2006	210	3.43	-6.045	9.4725	3.538318934
2006	211	3.51	-4.2125	7.7225	1.98681631
2006	212	4.435	-6.03	10.46	3.018942269
2006	213	4.11	-4.7575	8.8675	1.642192975
2006	214	4.065	-5.285	9.3475	2.267956399
2006	215	3.975	-3.1375	7.115	2.124595882
2006	216	4.38	-4.825	9.205	2.593046427
2006	217	4.745	-4.9725	9.72	2.241098103
2006	218	5.005	-6.7325	11.74	3.214275333
2006	219	5.07	-4.48	9.5525	2.390737182
2006	220	4.535	-4.84	9.37	1.891242632
2006	221	3.785	-3.48	7.2675	1.657191764
2006	222	3.555	-5.1375	8.695	2.401201453
2006	223	3.31	-4.555	7.8675	1.650564392
2006	224	2.775	-4.5525	7.325	1.577314493
2006	225	2.56	-2.3825	4.945	1.038404522
2006	226	2.275	-7.845	10.12	1.881475979
2006	227	2.555	-5.9425	8.495	2.430850222
2006	228	3.095	-6.22	9.315	2.092854259
2006	229	3.37	-5.7625	9.135	2.389690755
2006	230	2.97	-3.77	6.7425	1.932750908
2006	231	2.88	-3.49	6.3675	2.102272103
2006	232	2.985	-4.065	7.0525	2.249818329
2006	233	3	-8.11	11.11	1.744742834
2006	234	3.47	-5.355	8.8275	2.049950747
2006	235	3.79	-5.9575	9.7475	2.625485668
2006	236	2.995	-1.4275	4.425	1.727302382
2006	237	3.095	-5.5875	8.685	2.411316916
2006	238	3.74	-5.52	9.26	2.009140089
2006	239	3.905	-3.815	7.7225	1.722070246
2006	240	3.74	-0.58	4.32	0.722034719
2006	241	3.31	-2.7175	6.03	0.709128785
2006	242	3.76	-4.1025	7.8625	NA
2006	243	4.35	-4.3025	8.6575	NA
2006	244	4.855	-2.9775	7.835	NA
2006	245	4.81	-3.475	8.285	NA
2006	246	5.015	-0.995	6.01	NA
2006	247	4.825	-2.065	6.89	NA
2006	248	4.47	-1.825	6.2925	NA
2006	249	4.655	-2.12	6.7725	NA
2006	250	3.695	-3.61	7.305	NA
2006	251	2.915	-4.91	7.8275	NA
2006	252	3.125	-4.165	7.2875	NA
2006	253	3.505	-3.235	6.735	NA
2006	254	3.695	-2.1325	5.8275	NA
2006	255	3.645	-3.7975	7.4475	NA
2006	256	3.75	-2.53	6.275	NA
2006	257	3.385	-3.5875	6.97	NA
2006	258	3.195	2.06	1.14	NA
2006	259	4.1	-1.66	5.7625	NA
2006	260	4.58	-0.75	5.33	NA
2006	261	4.62	-1.9225	6.545	NA
2006	262	4.525	-0.8025	5.3275	NA
2006	263	5.025	-0.525	5.55	NA
2006	264	5.89	-0.96	6.855	NA
2006	265	5.295	-2.275	7.5725	NA
2006	266	5.37	-1.9275	7.2975	NA
2006	267	4.55	0.66	3.89	NA
2006	268	4.14	-2.14	6.28	NA
2006	269	4.5	-1.695	6.1925	NA
2006	270	4.56	-2.055	6.615	NA
2006	271	4.355	-1.625	5.985	NA
2006	272	4.365	-2.4725	6.84	NA
2006	273	4.38	-2.36	6.735	NA
2006	274	4.445	-1.4325	5.8775	NA
2006	275	3.765	1.885	1.8775	NA
2006	276	3.485	2.3925	1.09	NA
2006	277	3.38	-2.5575	5.935	NA
2006	278	3.6	-1.635	5.23	NA
2006	279	3.98	0.32	3.66	NA
2006	280	3.575	-1.495	5.065	NA
2006	281	3.21	-1.91	5.125	NA
2006	282	3.56	-2.365	5.925	NA
2006	283	3.69	-2.31	6	NA
2006	284	3.6	-1.2775	4.8775	NA
2006	285	3.31	1.205	2.105	NA
2006	286	3.34	-0.445	3.78	NA
2006	287	3.645	-1.29	4.93	NA
2006	288	3.005	-1.3225	4.3275	NA
2006	289	3.305	-0.995	4.295	NA
2006	290	3.3	-1.08	4.38	NA
2006	291	3.085	-0.155	3.2375	NA
2006	292	2.875	0.25	2.625	NA
2006	293	2.865	0.31	2.5575	NA
2006	294	3.025	-1.695	4.72	NA
2006	295	3.335	-0.8975	4.2325	NA
2006	296	3.685	-0.335	4.025	NA
2006	297	2.98	2.6275	0.355	NA
2006	298	2.855	1.345	1.51	NA
2006	299	3.955	0.185	3.77	NA
2006	300	3.775	1.1825	2.5925	NA
2006	301	3.49	-2.595	6.0875	NA
2006	302	3.375	0.17	3.2025	NA
2006	303	2.43	0.2775	2.1575	NA
2006	304	2.1	1.0075	1.095	NA
2006	305	1.37	-0.67	2.0475	NA
2006	306	0.845	-2.2775	3.1225	NA
2006	307	0.095	-1.72	1.8125	NA
2006	308	0	-4.0275	4.0275	NA
2006	309	0	-6.065	6.065	NA
2006	310	0	-3.66	3.66	NA
2006	311	0	-3.995	3.995	NA
2006	312	0.045	-0.1225	0.165	NA
2006	313	0.44	0.265	0.175	NA
2006	314	1.34	-0.5275	1.8675	NA
2006	315	2.305	0.9225	1.38	NA
2006	316	2.22	0.89	1.33	NA
2006	317	2.38	3.095	-0.7125	NA
2006	318	2.58	2.2425	0.3375	NA
2006	319	2.435	1.345	1.0925	NA
2006	320	2.6	2.125	0.4725	NA
2006	321	2.18	1.67	0.51	NA
2006	322	1.81	2.235	-0.4225	NA
2006	323	1.2	1.1925	0.0125	NA
2006	324	1.08	1.7125	-0.635	NA
2006	325	1.32	3.18	-1.855	NA
2006	326	1.185	2.195	-1.01	NA
2006	327	1.76	-0.65	2.41	NA
2006	328	1.775	2.6725	-0.8975	NA
2006	329	1.87	3.445	-1.5725	NA
2006	330	1.31	1.3725	-0.0625	NA
2006	331	1.67	1.5	0.17	NA
2006	332	1.625	1.1275	0.4975	NA
2006	333	0.91	0.535	0.3725	NA
2006	334	0.555	-1.3625	1.92	NA
2006	335	0.615	1.255	-0.6375	NA
2006	336	0.505	0.7625	-0.2525	NA
2006	337	0.455	3.4625	-3.01	NA
2006	338	0.82	-0.87	1.6875	NA
2006	339	0.98	1.01	-0.0275	NA
2006	340	0.845	1.6625	-0.8175	NA
2006	341	1.03	1.015	0.015	NA
2006	342	1.185	1.3225	-0.14	NA
2006	343	1.055	1.22	-0.17	NA
2006	344	1.1	1.945	-0.85	NA
2006	345	1.55	1.28	0.27	NA
2006	346	1.485	-0.17	1.6575	NA
2006	347	1.68	0.8475	0.8325	NA
2006	348	1.04	1.7025	-0.66	NA
2006	349	1.135	0.105	1.0275	NA
2006	350	1.5	1.6675	-0.17	NA
2006	351	1.13	0.575	0.5575	NA
2006	352	1.115	0.4525	0.6575	NA
2006	353	0.84	0.545	0.2925	NA
2006	354	0.295	0.7175	-0.4225	NA
2006	355	0.03	0.77	-0.745	NA
2006	356	0	0.61	-0.61	NA
2006	357	0	-0.8775	0.8775	NA
2006	358	0	-2.8475	2.8475	NA
2006	359	0	-4.44	4.44	NA
2006	360	0	-1.33	1.33	NA
2006	361	0	-0.5075	0.5075	NA
2006	362	0.02	-1.805	1.83	NA
2006	363	0.39	-1.0975	1.4875	NA
2006	364	1.43	1.2375	0.19	NA
2006	365	6.495	1.895	4.6075	NA
2007	1	1.4	1.9275	-0.525	2.640135648
2007	2	1.135	-0.075	1.2025	1.95402826
2007	3	1.115	0.7	0.415	0.313928139
2007	4	1.33	2.1775	-0.845	1.057937828
2007	5	1.435	1.12	0.3125	1.151069843
2007	6	1.645	3.3775	-1.7325	2.240051675
2007	7	1.455	1.525	-0.07	0.29544126
2007	8	1.735	0.0225	1.71	2.062507872
2007	9	1.93	1.925	0.0025	1.586383528
2007	10	1.685	1.545	0.145	0.749241825
2007	11	1.56	1.1125	0.45	0.675294308
2007	12	1.78	1.835	-0.055	0.256025838
2007	13	1.95	0.6675	1.28	1.37430763
2007	14	1.88	0.7275	1.155	0.628205087
2007	15	1.565	1.135	0.43	0.122431974
2007	16	1.945	0.915	1.0325	0.061739201
2007	17	2.465	2.2725	0.1875	0.966898668
2007	18	2.78	1.82	0.96	2.443756157
2007	19	2.815	3.3675	-0.5475	-0.427988696
2007	20	2.62	2.2525	0.37	1.047822366
2007	21	1.925	1.45	0.475	0.868185709
2007	22	1.305	0.4225	0.885	0.190449738
2007	23	0.78	-0.39	1.165	1.186997174
2007	24	0.565	0.5025	0.0625	0.095922487
2007	25	0.515	-0.0375	0.55	0.288813888
2007	26	0.6	-0.225	0.82	0.1349891
2007	27	0.985	0.79	0.195	0.048135648
2007	28	1.03	-1.28	2.3025	0.906554703
2007	29	1.24	0.395	0.845	0.26265321
2007	30	1.38	1.92	-0.545	0.197425918
2007	31	1.395	0.965	0.4325	0.143709326
2007	32	1.51	0.945	0.5625	0
2007	33	1.55	-0.3	1.8475	-0.096620105
2007	34	1.265	0.1175	1.1425	0.564024223
2007	35	1.105	0.945	0.16	0.250096084
2007	36	0.935	0.4975	0.44	0.445080339
2007	37	0.95	0.855	0.0975	0.23684134
2007	38	0.78	0.635	0.1425	1.947400888
2007	39	1.115	0.7	0.415	1.210018571
2007	40	1.16	0.735	0.4275	0.316718611
2007	41	1.34	1.29	0.0525	0.274512717
2007	42	1.585	1.0875	0.495	2.648158256
2007	43	1.59	1.48	0.11	1.896125959
2007	44	1.54	1.845	-0.31	0.476821962
2007	45	1.58	2.71	-1.13	0.949807025
2007	46	1.35	0.0825	1.265	0.797028664
2007	47	1.61	1.025	0.59	0.562977796
2007	48	1.96	0.8075	1.1525	0.547281389
2007	49	1.89	2.0375	-0.145	0.258118692
2007	50	1.59	-0.625	2.22	0.293697214
2007	51	1.855	0.08	1.7775	0.240329431
2007	52	2.05	1.6275	0.4225	0.511354057
2007	53	1.97	1.2325	0.7375	0.406013726
2007	54	2.18	1.665	0.5125	1.212111425
2007	55	2.29	1.7025	0.59	2.875930561
2007	56	2	1.88	0.1225	1.744394025
2007	57	1.82	1.5875	0.235	0.788657247
2007	58	1.615	2.4	-0.7875	1.366633831
2007	59	1.625	1.84	-0.215	2.47898587
2007	60	1.355	0.81	0.545	3.345776342
2007	61	1.195	1.25	-0.06	1.603823981
2007	62	1.34	1.735	-0.395	2.267956399
2007	63	1.335	1.74	-0.4075	0.948411788
2007	64	1.34	-0.0925	1.4375	1.368029067
2007	65	1.44	1.495	-0.0575	2.578745256
2007	66	1.62	0.375	1.245	1.737766653
2007	67	1.74	1.6075	0.135	0.585999193
2007	68	1.745	1.295	0.4525	0.873069035
2007	69	1.9	1.0025	0.9	1.070146145
2007	70	2.025	0.58	1.445	0.482402907
2007	71	2.245	1	1.245	0.537165927
2007	72	2.39	1.2575	1.135	0.32822931
2007	73	2.175	1.075	1.1025	0.17126524
2007	74	2.075	1.4775	0.6	0.352645943
2007	75	1.87	1.3975	0.475	0.451010093
2007	76	1.87	1.19	0.675	0.14231409
2007	77	1.66	0.96	0.6975	1.829503432
2007	78	1.115	0.8725	0.2425	0.851791683
2007	79	0.995	-0.0675	1.065	0.890858296
2007	80	0.975	0.465	0.505	1.236179249
2007	81	1.185	0.8675	0.3175	0.832607186
2007	82	1.18	-0.86	2.045	0.469496972
2007	83	1.42	-0.7425	2.1625	0.575534921
2007	84	1.735	-0.1	1.8375	1.271757771
2007	85	2.105	0.395	1.7125	0.522515947
2007	86	2.46	0.395	2.065	0.727266855
2007	87	2.58	0.7675	1.8125	0.87864998
2007	88	2.345	1.855	0.49	0.709477594
2007	89	1.845	0.43	1.415	-0.371481631
2007	90	2.04	0.175	1.865	0.629949132
2007	91	2.895	0.46	2.435	0.852140493
2007	92	3.465	0.22	3.2475	1.042939039
2007	93	2.99	0.2175	2.77	0.956783205
2007	94	2.74	-0.8	3.5375	0.863302382
2007	95	3.28	0.06	3.225	0.960620105
2007	96	3.915	1.19	2.725	0.840978603
2007	97	3.485	1.2675	2.215	1.169556722
2007	98	3.69	-0.15	3.8375	0.970386758
2007	99	4.2	0.7	3.505	0.816213161
2007	100	4.43	1.84	2.5925	0.808190553
2007	101	4.755	0.81	3.9425	1.115840129
2007	102	5.385	1.29	4.0925	0.19324021
2007	103	6.015	2.9275	3.09	0.948062979
2007	104	6.27	2.0325	4.24	0.789354865
2007	105	6.55	1.3775	5.17	1.475113444
2007	106	6.12	1.065	5.055	1.570687122
2007	107	5.15	-0.915	6.065	1.464997981
2007	108	4.43	-1.54	5.97	1.364889786
2007	109	4.645	-0.3775	5.0225	1.476159871
2007	110	4.805	-1.2575	6.06	1.502320549
2007	111	4.78	-1.135	5.9125	1.449301574
2007	112	5.415	0.775	4.6375	1.456277755
2007	113	5.95	-1.205	7.15	2.060415018
2007	114	6	-1.2275	7.2275	2.189474364
2007	115	6.095	-1.275	7.37	2.505844166
2007	116	5.87	-5.0325	10.9025	1.980886556
2007	117	6.1	-4.9975	11.0975	2.455266855
2007	118	6.245	-5.005	11.2475	2.709548648
2007	119	5.615	-3.7425	9.3525	2.909416229
2007	120	5.535	-6.4725	12.0075	3.220902705
2007	121	5.455	-6.22	11.67	3.008129189
2007	122	5.09	-6.3075	11.4	2.524679855
2007	123	5.095	-8.005	13.1	2.768497376
2007	124	4.935	-8.545	13.48	2.725593864
2007	125	4.505	-1.83	6.3325	2.874884134
2007	126	4.895	-8.4275	13.325	2.555026241
2007	127	5.41	-2.655	8.0675	1.713001211
2007	128	5.825	-7.61	13.4325	4.939484861
2007	129	5.75	-3.69	9.4375	2.911857893
2007	130	6.26	-8.505	14.765	3.197881308
2007	131	5.405	-6.81	12.2175	3.183231328
2007	132	5.635	-7.99	13.625	3.03324344
2007	133	5.525	-6.6575	12.18	4.23244893
2007	134	4.91	-5.9275	10.84	3.394958417
2007	135	4.465	-6.3525	10.8225	3.184975373
2007	136	4.675	-4.99	9.66	3.395656036
2007	137	5.205	-1.42	6.6225	1.909729512
2007	138	6.22	-7.15	13.37	2.935576908
2007	139	5.57	-3.7425	9.3075	1.617776342
2007	140	5.04	-6.3675	11.4075	1.714396447
2007	141	6.505	-7.37	13.87	2.677807025
2007	142	6.505	-8.195	14.7	3.453558337
2007	143	6.435	-9.23	15.6675	2.852211546
2007	144	7.22	-9.64	16.8625	3.482858296
2007	145	7.02	-6.55	13.5675	2.758381914
2007	146	6.225	-5.8325	12.0575	1.882871215
2007	147	4.96	-7.7375	12.695	3.228227695
2007	148	4.735	-6.445	11.18	3.924799354
2007	149	4.805	-8.3925	13.1975	3.581571256
2007	150	4.97	-6.7	11.6725	1.982630602
2007	151	4.76	-7.9775	12.7375	2.983014937
2007	152	4.745	-8.795	13.545	3.311593056
2007	153	5.48	-7.445	12.925	3.097773113
2007	154	5.955	-7.7675	13.725	3.197532499
2007	155	6.29	-9.395	15.68	3.191951554
2007	156	6.4	-9.075	15.475	3.983748082
2007	157	6.495	-7.3	13.795	4.281631005
2007	158	6.09	-5.4375	11.5225	1.861942673
2007	159	6.295	-4.5125	10.8075	1.752416633
2007	160	6.185	-7.735	13.92	2.859885345
2007	161	5.86	-9.935	15.795	3.143815906
2007	162	5.89	-7.86	13.7525	1.927518773
2007	163	5.74	-7.87	13.61	2.381668147
2007	164	5.825	-6.7525	12.575	2.958249495
2007	165	5.775	-8.85	14.62	3.284037142
2007	166	5.31	-6.96	12.2675	4.16687283
2007	167	5.295	-7.3675	12.6625	3.818412596
2007	168	5.39	-4.76	10.15	3.377517965
2007	169	6.335	-7.3725	13.71	3.960377876
2007	170	6.74	-3.1175	9.86	4.299071457
2007	171	5.975	-8.13	14.1	3.829923294
2007	172	5.68	-7.15	12.83	3.995956399
2007	173	5.095	-5.2075	10.3	3.573897457
2007	174	5.4	-5.3075	10.7075	4.592768672
2007	175	5.805	-8.7975	14.6	3.318220428
2007	176	5.27	-6.775	12.045	6.360881712
2007	177	4.87	-3.8075	8.6775	3.828528058
2007	178	4.98	-5.1	10.0825	3.196834881
2007	179	5.605	-5.6425	11.2475	2.526075091
2007	180	5.935	-5.0525	10.9875	2.761870004
2007	181	6.465	-6.96	13.425	2.314696811
2007	182	6.15	-4.14	10.29	2.332137263
2007	183	6.08	-7.99	14.07	4.445222447
2007	184	5.45	-0.94	6.39	2.162267259
2007	185	5.205	-8.71	13.9175	5.506648365
2007	186	5.305	-6.51	11.8125	4.04304562
2007	187	5.645	-7.275	12.92	4.12675979
2007	188	5.435	-9.125	14.5625	3.136142107
2007	189	5.18	-6.7575	11.94	3.324498991
2007	190	4.28	-6.6975	10.9775	2.920578119
2007	191	4.06	-4.39	8.4525	2.233075495
2007	192	4.465	-6.86	11.325	2.781054501
2007	193	4.5	-6.155	10.6525	1.947052079
2007	194	5.24	-3.71	8.9525	4.221287041
2007	195	5.43	-6.09	11.52	3.958633831
2007	196	5.655	-3.27	8.9325	4.733338716
2007	197	4.765	-5.765	10.53	3.056613646
2007	198	4.35	-6.7125	11.065	3.856781591
2007	199	4.45	-6.6775	11.1225	3.330079935
2007	200	4.505	-6.495	10.9975	3.756324586
2007	201	4.335	-7.8625	12.1975	3.332870408
2007	202	4.31	-7.56	11.87	3.54355107
2007	203	4.515	-6.8825	11.3975	2.710595075
2007	204	4.53	-2.0175	6.55	2.799192572
2007	205	5.05	-4.5225	9.5675	3.625172386
2007	206	5.245	-7.54	12.7875	3.396004845
2007	207	5.7	-6.365	12.0675	4.231402503
2007	208	5.675	-5	10.6775	2.541422689
2007	209	5.63	-5.2825	10.9125	3.090099314
2007	210	5.085	-3.8375	8.9225	3.632148567
2007	211	4.785	-6.1225	10.9125	4.109319338
2007	212	4.59	-6.135	10.7275	3.210438434
2007	213	5.32	-4.35	9.6675	3.413096488
2007	214	4.955	-6.8	11.755	3.88991845
2007	215	4.805	-6.165	10.9675	2.680946306
2007	216	5.225	-4.3425	9.5675	3.082774324
2007	217	5.66	-2.15	7.815	2.973945902
2007	218	4.2	-4.6225	8.8225	0.815166734
2007	219	3.695	-6.2925	9.9875	3.55820105
2007	220	3.26	-3.4	6.66	1.914612838
2007	221	3.205	-1.675	4.8825	1.751021397
2007	222	3.35	-2.28	5.6275	0.925390392
2007	223	3.715	-5.62	9.335	1.33803149
2007	224	3.855	-5.99	9.845	2.159127977
2007	225	3.8	-7.36	11.16	3.215670569
2007	226	3.945	-4.595	8.535	2.633508276
2007	227	4.115	-0.1425	4.255	2.426315704
2007	228	3.69	-6.1375	9.825	3.616800969
2007	229	3.49	-6.7075	10.1925	2.458057327
2007	230	3.335	-5.985	9.32	2.493984659
2007	231	2.9	-2.9925	5.8875	2.534795317
2007	232	2.56	-3.055	5.6175	1.741603553
2007	233	2.815	-5.695	8.51	2.169592249
2007	234	3.11	-3.23	6.3425	1.313266048
2007	235	3.445	-4.055	7.5025	1.745091643
2007	236	3.93	-4.0025	7.935	1.518016956
2007	237	4.2	-5.8	10.005	2.956156641
2007	238	4.36	-6.21	10.57	2.62862495
2007	239	4.04	-4.9775	9.02	3.141025434
2007	240	3.79	-6.095	9.8775	2.936972144
2007	241	3.665	-5.9225	9.5875	2.914648365
2007	242	3.59	-4.6225	8.2125	2.71966411
2007	243	3.75	-4.195	7.94	1.839967703
2007	244	3.8	-6.0125	9.81	1.969375858
2007	245	3.7	-5.4975	9.1975	2.116922083
2007	246	3.305	-2.055	5.3625	1.463602745
2007	247	3.025	-4.53	7.555	2.349926524
2007	248	3.135	-4.7475	7.885	2.418641906
2007	249	3.64	-3.1625	6.805	1.50545983
2007	250	3.57	-3.62	7.19	1.79008801
2007	251	3.555	-3.8375	7.3975	2.36248365
2007	252	3.26	-4.05	7.31	1.816946306
2007	253	3	-3.975	6.975	1.78625111
2007	254	2.74	-4.045	6.7875	1.779972547
2007	255	2.555	-4.3975	6.9525	2.535144126
2007	256	2.61	-3.1375	5.7475	1.831596286
2007	257	2.665	-3.115	5.7825	1.945656843
2007	258	2.685	-3.915	6.6025	1.555688333
2007	259	2.825	-2.8875	5.715	1.868221235
2007	260	2.505	-3.275	5.7825	1.859501009
2007	261	2.04	-2.9975	5.03	1.959260396
2007	262	1.975	-4.8625	6.8375	1.601731126
2007	263	2.255	-3.44	5.6925	1.645332257
2007	264	2.495	-3.59	6.0875	1.331055309
2007	265	2.405	-2.4175	4.82	0.643901494
2007	266	2.525	-2.8825	5.41	0.849001211
2007	267	2.205	-3.8925	6.095	1.448255147
2007	268	1.96	-2.675	4.635	1.249085184
2007	269	1.775	-2.0575	3.8325	2.54456197
2007	270	1.92	-2.8375	4.7625	2.886743642
2007	271	2.09	1.7575	0.3375	1.63696084
2007	272	2.245	-3.265	5.515	1.732185709
2007	273	2.34	-1.88	4.215	1.233388777
2007	274	2.675	-1.205	3.8775	0.907252321
2007	275	2.69	-0.9925	3.675	0.755171579
2007	276	2.455	-0.8225	3.2775	0.99166411
2007	277	2.405	-0.3375	2.74	0.737731126
2007	278	2.46	-3.8575	6.3125	1.059333064
2007	279	2.37	-2.05	4.42	1.27245539
2007	280	2.285	-1.92	4.2025	1.212460234
2007	281	2.26	-1.83	4.09	0.950504643
2007	282	2.57	-0.95	3.52	1.210018571
2007	283	2.59	-1.56	4.1525	1.645681066
2007	284	2.665	-3.135	5.8025	1.361750505
2007	285	2.715	-0.93	3.65	0.630297941
2007	286	3.03	-0.8525	3.8875	0.724476383
2007	287	2.97	-0.99	3.9575	0.870976181
2007	288	2.96	-1.1225	4.0875	0.972828421
2007	289	3.125	-1.1025	4.2275	0.890858296
2007	290	2.915	1.3675	1.5475	0.724127574
2007	291	2.445	-0.6425	3.0925	0.94038918
2007	292	2.15	-0.4775	2.625	0.307649576
2007	293	1.86	-0.86	2.7225	0.860163101
2007	294	1.73	-0.4975	2.225	0.598556318
2007	295	1.71	0.045	1.66	0.636576504
2007	296	1.435	-0.5575	1.99	0.437057731
2007	297	1.405	-0.42	1.83	0.478914816
2007	298	1.53	0.2325	1.295	0.372528058
2007	299	1.44	0.705	0.735	0.236492531
2007	300	1.39	0.765	0.6275	0.293348405
2007	301	1.405	0.1875	1.2125	0.355436415
2007	302	1.545	-0.0525	1.5975	1.061077109
2007	303	1.53	1.045	0.485	0.77644893
2007	304	1.51	-0.1	1.61	1.102236577
2007	305	1.72	-0.0375	1.7575	0.457288656
2007	306	2.035	0.5575	1.48	0.219749697
2007	307	2.2	0.5975	1.6	0.385782802
2007	308	2.105	0.0225	2.0825	0.569605168
2007	309	1.88	0.6725	1.21	0.267885345
2007	310	1.955	0.2825	1.675	0.602393218
2007	311	1.98	0.69	1.29	0.214866371
2007	312	2.315	0.7	1.615	0.71819782
2007	313	1.96	0.65	1.31	0.948760597
2007	314	2.375	0.91	1.46	0.103247477
2007	315	2.545	0.895	1.6525	1.81903916
2007	316	2.045	0.7575	1.2875	0.55774566
2007	317	1.945	0.5825	1.36	0.683316916
2007	318	2.085	0.86	1.2225	0.839234558
2007	319	1.585	0.6775	0.9075	0.287069843
2007	320	1.135	0.68	0.4575	0.272768672
2007	321	0.935	0.44	0.495	0.068366572
2007	322	0.975	-1.6225	2.5925	1.082354461
2007	323	1.655	0.12	1.535	-0.108130803
2007	324	2.5	1.74	0.7575	1.240713767
2007	325	2.76	2.5925	0.17	0.242073476
2007	326	2.715	1.75	0.9675	0.440197013
2007	327	2.42	1.73	0.69	0.710524021
2007	328	1.75	1.5575	0.1875	0.306951958
2007	329	1.815	1.67	0.145	0.442638676
2007	330	1.52	1.825	-0.305	0.356482842
2007	331	1.085	0.5075	0.5775	0.286372224
2007	332	0.585	-3.59	4.175	0.836444086
2007	333	0.715	-0.6525	1.37	0.560187323
2007	334	0.96	-0.775	1.7375	0.077784417
2007	335	1.265	1.665	-0.4	1.248038757
2007	336	1.52	2.965	-1.445	0.608322971
2007	337	1.6	1.87	-0.2675	1.262688736
2007	338	1.81	0.91	0.895	1.190834073
2007	339	2.265	1.36	0.905	0.597509891
2007	340	2.405	1.3425	1.0675	-0.014301171
2007	341	2.315	4.38	-2.0625	1.467090836
2007	342	1.8	0.9775	0.825	1.518365765
2007	343	2.03	2.6975	-0.665	3.232762212
2007	344	1.855	-0.13	1.985	2.751405733
2007	345	1.48	0.785	0.6925	0.55425757
2007	346	1.04	0.76	0.28	0.044298748
2007	347	0.945	0.9025	0.04	0.224284215
2007	348	0.715	0.9225	-0.21	0.438452967
2007	349	0.645	0.33	0.3175	0.53960759
2007	350	0.63	0.28	0.3475	0.207541381
2007	351	0.66	0.3	0.36	0.261955591
2007	352	0.635	0.35	0.285	0.121734356
2007	353	0.71	0.2875	0.4225	0.030346387
2007	354	0.97	-0.0125	0.9825	0.085807025
2007	355	1.325	0.825	0.5025	0.075691562
2007	356	1.57	1.29	0.285	0.096620105
2007	357	1.385	0.3075	1.0825	0.008022608
2007	358	1.14	1.93	-0.79	0.138128381
2007	359	1.08	1.475	-0.4	0.079179653
2007	360	0.935	-2.4625	3.395	-0.234399677
2007	361	0.92	-1.2475	2.165	0.145104562
2007	362	0.745	-0.065	0.81	0.128361728
2007	363	1.02	-0.58	1.6	0.75447396
2007	364	1.445	1.16	0.2825	0.091736778
2007	365	1.585	0.0975	1.4875	0.033834477
2008	1	1.315	-2.115	3.4325	0.207541381
2008	2	1.15	0.9425	0.205	0.283581752
2008	3	1.345	1.6675	-0.3275	0.672503835
2008	4	1.725	0.935	0.79	0.905857085
2008	5	1.94	2.855	-0.915	0.698664514
2008	6	2.275	0.865	1.415	0.108479612
2008	7	2.295	2.1525	0.1425	1.198159063
2008	8	1.975	0.145	1.83	0.263350828
2008	9	2.12	1.42	0.705	0.537514736
2008	10	2.175	1.925	0.245	0.710175212
2008	11	2.215	2.46	-0.25	1.806482035
2008	12	1.875	1.405	0.4725	0.500889786
2008	13	1.805	0.835	0.965	0.359273314
2008	14	1.855	2.3175	-0.4575	0.42275656
2008	15	1.895	1.68	0.2125	3.128468308
2008	16	1.735	1.7125	0.03	1.00631409
2008	17	1.79	1.42	0.37	-0.150336698
2008	18	1.77	0.7	1.07	0.034880904
2008	19	1.85	2.26	-0.41	0.729708518
2008	20	1.69	2.03	-0.335	0.509610012
2008	21	1.75	2.3525	-0.6	0.180683084
2008	22	1.565	0.725	0.8475	1.206879289
2008	23	1.38	1.4625	-0.0825	0.290557933
2008	24	1.37	1.615	-0.2475	0.521818329
2008	25	1.33	0.41	0.9225	0.523213565
2008	26	1.285	1.9375	-0.6575	-0.062436819
2008	27	1.39	1.49	-0.095	0.537165927
2008	28	1.42	1.115	0.305	0.131849818
2008	29	1.38	0.72	0.66	0.169172386
2008	30	1.145	-0.975	2.1225	-0.07638918
2008	31	0.725	0.595	0.13	0.822840533
2008	32	0.475	0.29	0.185	-0.452754138
2008	33	0.6	0.92	-0.325	0.653668147
2008	34	0.795	-0.065	0.86	1.398026645
2008	35	0.93	1.0475	-0.1175	1.941819943
2008	36	1.045	1.0675	-0.0225	0.704943076
2008	37	1.125	1.5975	-0.4725	1.040497376
2008	38	1	1.18	-0.1775	0.319857893
2008	39	1.38	0.9525	0.42	0.478217198
2008	40	1.605	0.855	0.7475	0.44124344
2008	41	1.38	1.0975	0.28	0.354389988
2008	42	1.275	1.0075	0.265	0.356831651
2008	43	1.315	0.9375	0.3775	0.313230521
2008	44	1.27	1.125	0.145	0.239980622
2008	45	1.115	0.3375	0.775	0.139523617
2008	46	0.985	-0.6175	1.605	0.08022608
2008	47	1.07	0.56	0.51	0.55774566
2008	48	1.125	0.2625	0.8625	0.239283004
2008	49	1.295	0.665	0.6325	0.236492531
2008	50	1.575	0.555	1.02	0.147197416
2008	51	1.675	2.33	-0.6575	-0.384038757
2008	52	1.83	1.6875	0.1425	0.497750505
2008	53	2.105	2.0525	0.055	0.609369398
2008	54	2.155	1.1275	1.0275	0.248352039
2008	55	2.295	0.26	2.0325	0.300324586
2008	56	2.295	2.07	0.225	0.806446508
2008	57	2.405	2.715	-0.31	0.284628179
2008	58	2.295	1.2975	0.995	0.960968914
2008	59	2.445	1.5325	0.91	0.653668147
2008	60	2.61	2.175	0.44	1.653006056
2008	61	2.64	3.6475	-1.01	1.368029067
2008	62	2.455	1.58	0.875	0.666574082
2008	63	2.055	0.7925	1.2675	2.356205087
2008	64	1.39	-1.0175	2.4075	1.455928946
2008	65	1.18	0.4375	0.74	0.775402503
2008	66	1.285	0.57	0.7075	0.140570044
2008	67	1.75	1.1025	0.645	0.87132499
2008	68	2.025	1.0525	0.9675	1.029335486
2008	69	2.075	1.575	0.5	0.355436415
2008	70	1.855	1.66	0.195	2.129828018
2008	71	2.135	2.92	-0.7825	0.731801373
2008	72	2.255	1.59	0.6625	2.673272507
2008	73	2.205	1.305	0.895	0.807144126
2008	74	2.53	2.0225	0.5075	0.711570448
2008	75	2.245	1.9075	0.3325	0.677038353
2008	76	2.05	2.55	-0.5	4.021768268
2008	77	1.695	1.6375	0.0575	0.782029875
2008	78	2.07	1.4225	0.6475	0.614950343
2008	79	1.985	0.785	1.2025	0.793191764
2008	80	2.11	1.57	0.54	0.877952362
2008	81	2.23	0.7875	1.4425	2.154942269
2008	82	1.845	1.21	0.6375	1.368726686
2008	83	1.665	0.4225	1.2425	0.658202665
2008	84	1.695	1.2375	0.455	0.939342753
2008	85	1.76	1.1725	0.5925	1.149325797
2008	86	1.985	1.61	0.375	0.254979411
2008	87	1.935	1.4675	0.4675	3.518436819
2008	88	1.925	1.945	-0.0225	0.815515543
2008	89	2.19	1.085	1.105	1.263037545
2008	90	1.945	1.805	0.135	0.556001615
2008	91	1.72	2.005	-0.285	1.195368591
2008	92	1.99	1.0925	0.8975	1.077819943
2008	93	2.105	0.3775	1.725	1.229551877
2008	94	2.145	1.075	1.0725	1.763927331
2008	95	2.185	1.1925	0.995	0.752032297
2008	96	2.25	2.705	-0.455	0.403920872
2008	97	2.05	3.6425	-1.595	1.615683488
2008	98	2.57	0.7675	1.8025	1.786948728
2008	99	2.565	0.825	1.74	0.700757368
2008	100	1.765	2.64	-0.8725	1.522900283
2008	101	2.01	0.2425	1.765	1.161534114
2008	102	2.305	1.9	0.3975	0.965503432
2008	103	2.135	1.275	0.8625	1.940424707
2008	104	2.19	-0.8475	3.0375	1.537550262
2008	105	2.25	0.92	1.33	3.212880097
2008	106	2.04	0.9	1.1425	1.322335083
2008	107	2.1	0.3925	1.7075	1.199903109
2008	108	2.27	0.2	2.075	1.338380299
2008	109	2.96	1.1425	1.815	2.356205087
2008	110	3.09	1.2225	1.865	1.977398466
2008	111	2.86	1.2575	1.6025	1.762183286
2008	112	2.72	1.6875	1.0325	1.30524344
2008	113	2.95	1.2025	1.7475	0.7328478
2008	114	3.3	1.605	1.695	1.684050061
2008	115	3.525	1.455	2.075	1.756602342
2008	116	3.595	0.285	3.305	1.737069035
2008	117	4.18	1.43	2.7575	1.176184094
2008	118	4.895	2.9425	1.95	1.741952362
2008	119	3.94	2.79	1.155	3.823993541
2008	120	4.005	-0.42	4.4225	2.349926524
2008	121	4.21	1.015	3.195	2.448639483
2008	122	4.36	-2.625	6.985	2.09634235
2008	123	5.16	-0.8025	5.9625	1.38163262
2008	124	6.21	1.4625	4.7525	1.876243843
2008	125	6.195	-0.51	6.7075	2.30039564
2008	126	6.335	-2.675	9.0125	2.584326201
2008	127	6.72	-1.9925	8.7075	2.041230521
2008	128	7.175	-0.24	7.415	2.157732741
2008	129	7.36	-0.8225	8.1825	2.657924909
2008	130	6.855	-3.195	10.05	2.495031086
2008	131	6.62	-3.515	10.13	3.027313686
2008	132	6.555	-3.09	9.645	2.826399677
2008	133	6.185	-4.1925	10.3775	2.88011627
2008	134	5.735	-3.975	9.71	3.21532176
2008	135	5.17	-4.5575	9.725	3.264503835
2008	136	4.485	-4.3125	8.7975	2.684783205
2008	137	4.27	-7.445	11.7175	3.86061849
2008	138	4.22	-4.7525	8.9725	3.262062172
2008	139	4.275	-8.31	12.575	2.242493339
2008	140	4.44	-8.66	13.1	2.458754945
2008	141	4.79	-8.59	13.3775	3.225786031
2008	142	5.025	-8.2525	13.275	3.244272911
2008	143	5.575	-5.3025	10.875	2.372250303
2008	144	6.04	-8.0175	14.0575	3.231715785
2008	145	5.82	-3.7275	9.55	1.656494146
2008	146	5.57	-6.2225	11.795	2.366320549
2008	147	5.37	-1.7325	7.105	1.650913201
2008	148	5.53	-2.045	7.575	2.278769479
2008	149	6.07	-7.4475	13.52	4.076531288
2008	150	5.565	-5.0225	10.5875	2.372947921
2008	151	5.195	-6.73	11.92	3.33949778
2008	152	4.515	-4.6675	9.1825	2.119014937
2008	153	4.93	-4.7175	9.6475	2.627229713
2008	154	5.82	-5.18	10.9975	1.627194187
2008	155	5.235	-2.885	8.1175	1.87763908
2008	156	4.925	-4.4025	9.325	1.836479612
2008	157	5.29	-8.1575	13.455	3.021035123
2008	158	5.12	-6.3325	11.455	1.82636415
2008	159	5.395	-5.99	11.385	2.461545418
2008	160	5.78	-9.65	15.4325	2.669086799
2008	161	7.03	-7.615	14.645	4.233146548
2008	162	7.74	-8.0125	15.75	4.86693258
2008	163	6.855	-9.495	16.35	4.08664675
2008	164	5.945	-5.9925	11.9325	2.543515543
2008	165	5.685	-8.98	14.6675	3.212880097
2008	166	6.005	-8.0525	14.0525	2.563048849
2008	167	5.845	-7.0925	12.9375	1.789041583
2008	168	6.07	-7.2975	13.3675	2.921624546
2008	169	5.995	-7.5825	13.58	3.69284134
2008	170	6.125	-8.135	14.26	5.079706096
2008	171	6.385	-7.025	13.4075	3.48146306
2008	172	6.845	-7.21	14.055	3.166139685
2008	173	7.49	-7.7875	15.2775	4.118039564
2008	174	7.645	-4.235	11.8825	5.060521599
2008	175	6.54	-5.87	12.41	4.046184901
2008	176	7.21	-8.7625	15.9725	3.781438837
2008	177	6.62	-6.695	13.3175	4.322092854
2008	178	5.745	-10.0575	15.8	4.304303593
2008	179	5.51	-8.315	13.8175	3.442396447
2008	180	5.855	-8.2575	14.115	3.397400081
2008	181	6.015	-9.0575	15.0675	3.795391199
2008	182	5.765	-8.2725	14.0375	4.359415422
2008	183	6.22	-3.875	10.095	4.421154623
2008	184	5.94	-2.4525	8.3925	2.281211143
2008	185	5.82	-6.615	12.4325	4.563119903
2008	186	6.29	-8.9875	15.28	4.442083165
2008	187	6.685	-3.3175	10.0025	2.75977715
2008	188	6.13	-8.915	15.045	5.456768672
2008	189	6.325	-7.9575	14.28	4.8484457
2008	190	6.89	-4.3925	11.2825	4.118737182
2008	191	7.575	-8.845	16.42	4.70648042
2008	192	8.025	-5.3325	13.3575	5.021106177
2008	193	6.94	-4.275	11.2175	2.58118692
2008	194	6.815	-6.805	13.6175	3.501693985
2008	195	6.905	-7.5375	14.44	3.414491724
2008	196	6.415	-6.895	13.31	3.969446912
2008	197	6.22	-4.765	10.985	3.940146952
2008	198	5.32	-6.3575	11.68	3.842829229
2008	199	4.795	-8.125	12.92	3.854688736
2008	200	4.675	-7.45	12.1325	4.496148567
2008	201	4.91	-3.94	8.8475	3.685167541
2008	202	4.385	-8.53	12.915	3.682725878
2008	203	4.145	-8.11	12.255	3.802018571
2008	204	4.19	-7.0225	11.215	4.051068228
2008	205	3.84	-5.5725	9.415	4.029790876
2008	206	3.66	-5.255	8.915	4.154315704
2008	207	3.55	-7.595	11.1425	3.774462656
2008	208	3.72	-7.4225	11.1475	3.838294711
2008	209	4.8	-7.905	12.7	3.88608155
2008	210	5.345	-4.325	9.67	4.766475575
2008	211	5.265	-6.375	11.64	3.656216391
2008	212	6.295	-5.7975	12.095	2.973597093
2008	213	7.17	-6.0125	13.1825	3.388331046
2008	214	7.31	-2.8925	10.205	4.347904723
2008	215	7.7	-4.1675	11.865	2.196450545
2008	216	8.245	-3.3575	11.605	2.060066209
2008	217	7.73	-4.1575	11.89	2.452476383
2008	218	7.28	-6.195	13.475	3.457046427
2008	219	7.705	-3.2125	10.9125	3.595174808
2008	220	6.925	-1.0675	7.9925	4.112807428
2008	221	6.6	-2.6975	9.2975	2.896510295
2008	222	5.865	-6.2175	12.085	3.734349616
2008	223	6.04	-4.9	10.93	2.546306015
2008	224	5.98	-7.47	13.44	3.081727897
2008	225	6.535	-1.1975	7.7375	6.105902301
2008	226	6.1	-3.975	10.07	5.290735567
2008	227	5.52	-5.6575	11.175	2.604208317
2008	228	5.335	-6.7125	12.045	2.84000323
2008	229	6	-5.6	11.6	3.364612031
2008	230	6.175	-5.015	11.1925	2.882209124
2008	231	5.97	-4.775	10.745	3.273921679
2008	232	5.255	-2.4125	7.6675	3.481114251
2008	233	5.005	-4.1225	9.13	2.568978603
2008	234	5.345	-7.3525	12.6975	2.3952717
2008	235	5.015	2.2325	2.7825	1.028637868
2008	236	4.26	-4.53	8.785	2.44270973
2008	237	4.62	-4.41	9.0275	2.513517965
2008	238	5.375	-5.395	10.77	3.719699637
2008	239	5.62	-5.3775	11	2.104364958
2008	240	5.49	-4.685	10.175	2.30772063
2008	241	5.35	-5.2375	10.5875	2.241098103
2008	242	5.205	-3.3325	8.5325	1.779274929
2008	243	5.635	-2.445	8.075	2.510378684
2008	244	5.345	-3.2225	8.5675	2.514564392
2008	245	5.035	-3.865	8.9	2.655483246
2008	246	4.89	-4.9725	9.865	3.532040371
2008	247	4.03	-0.1375	4.1675	0.606927735
2008	248	4.18	-2.7	6.8825	1.838572467
2008	249	4.585	-1.545	6.1325	2.765358094
2008	250	4.755	-3.33	8.0825	2.762218813
2008	251	4.78	-2.8775	7.6625	2.391085991
2008	252	4.485	-5.22	9.705	2.125991118
2008	253	4.735	-0.9725	5.7075	1.605916835
2008	254	4.945	-2.695	7.6375	1.501622931
2008	255	4.785	-3.34	8.125	1.639053694
2008	256	3.955	-3.7275	7.6825	2.271444489
2008	257	3.53	-3.9525	7.4825	1.503715785
2008	258	3.39	-4.5375	7.9275	2.22749455
2008	259	2.35	-3.7475	6.0925	1.364889786
2008	260	2.435	-4.64	7.065	1.67707388
2008	261	2.29	-5.04	7.3325	1.559525232
2008	262	2.46	-5.365	7.825	1.210018571
2008	263	2.73	-3.9775	6.705	1.83752604
2008	264	2.825	-3.185	6.0075	1.951586597
2008	265	2.75	-3.1	5.85	1.466742027
2008	266	2.87	-3.2875	6.155	1.25048042
2008	267	2.8	-3.77	6.565	1.146884134
2008	268	2.91	-3.6575	6.5675	1.412676625
2008	269	2.95	-2.665	5.62	1.328962455
2008	270	2.935	-2.75	5.68	1.470230117
2008	271	3.15	-2.345	5.495	1.37430763
2008	272	3.425	-2.4675	5.895	1.167463868
2008	273	3.305	-3.3125	6.6175	1.014336698
2008	274	3.155	-1.02	4.1775	2.601766653
2008	275	3.43	-0.1825	3.61	1.496390795
2008	276	2.95	-2.41	5.36	1.436046831
2008	277	2.485	-2.26	4.74	0.3317174
2008	278	2.17	-3.27	5.44	1.644983448
2008	279	2.29	-0.345	2.635	1.055496165
2008	280	2.33	-0.545	2.8725	1.568594267
2008	281	2.61	-3.76	6.375	2.049253129
2008	282	2.545	-0.095	2.6425	0.846908357
2008	283	2.49	-1.25	3.74	0.975967703
2008	284	2.59	-0.5725	3.1625	0.785169156
2008	285	3.17	-1.795	4.965	0.356831651
2008	286	3.79	0.92	2.87	0.727615664
2008	287	4.085	0.3375	3.7475	1.163278159
2008	288	3.745	0.7325	3.015	0.604834881
2008	289	3.565	1.4725	2.0925	1.899614049
2008	290	3.02	1.1125	1.9025	1.052008074
2008	291	2.67	-0.4425	3.115	0.789006056
2008	292	2.575	-0.135	2.71	0.729708518
2008	293	2.475	0.11	2.365	0.68157287
2008	294	3.05	0.145	2.905	0.855279774
2008	295	2.67	1.2425	1.43	0.501936213
2008	296	1.99	0.1875	1.8025	0.89678805
2008	297	1.405	0.81	0.6025	0.725871619
2008	298	1.465	0.05	1.4175	0.453800565
2008	299	1.51	0.1125	1.3975	0.560884941
2008	300	1.405	0.4075	0.9925	1.369424304
2008	301	1.255	-1.03	2.285	4.251633428
2008	302	0.77	1.46	-0.69	1.332799354
2008	303	0.445	-1.0525	1.495	0.378457812
2008	304	0.62	-0.2425	0.8625	0.917716593
2008	305	1.22	-0.8525	2.075	1.145837707
2008	306	1.72	0.635	1.085	2.58851191
2008	307	1.63	0.935	0.6975	0.62715866
2008	308	2.02	1.845	0.1775	0.874115462
2008	309	2.29	2.41	-0.1175	0.567861122
2008	310	2.335	2.92	-0.585	0.33904239
2008	311	2.465	1.335	1.1325	-0.035229713
2008	312	2.56	2.0225	0.5375	0.205448526
2008	313	2.595	1.94	0.655	0.999337909
2008	314	2.79	2.43	0.36	1.463602745
2008	315	3.18	3.655	-0.4725	1.231295922
2008	316	2.92	2.2525	0.6675	1.54557287
2008	317	2.485	2.71	-0.225	0.457288656
2008	318	2.255	2.1175	0.1325	0.399735164
2008	319	2.04	1.9325	0.1	0.129059346
2008	320	2.255	1.9625	0.2925	0.460427937
2008	321	2.21	2.215	-0.005	0.444033912
2008	322	1.905	1.5325	0.375	0.450312475
2008	323	1.98	1.9	0.0875	0.491471942
2008	324	2.05	1.86	0.19	0.396247073
2008	325	2.125	2.1925	-0.06	0.465660073
2008	326	2.265	1.46	0.8075	2.182846992
2008	327	1.925	2.2	-0.275	0.611462253
2008	328	1.71	1.5825	0.13	0.986083165
2008	329	1.665	1.41	0.255	1.124560355
2008	330	1.405	1.3375	0.0675	0.283930561
2008	331	1.16	1.5675	-0.4075	0.191496165
2008	332	0.86	-0.3425	1.2	0.767728704
2008	333	0.74	-0.28	1.0175	0.211029471
2008	334	0.665	0.745	-0.0775	0.896439241
2008	335	0.835	0.27	0.565	1.993443682
2008	336	1.08	0.885	0.1925	0.387526847
2008	337	1.14	1.28	-0.1425	0.362063787
2008	338	1.19	1.2675	-0.0775	-0.143011708
2008	339	0.86	1.65	-0.79	1.313614857
2008	340	0.775	1.7475	-0.97	1.986118692
2008	341	0.965	1.065	-0.1	0.657853855
2008	342	0.705	0.12	0.5825	0.242073476
2008	343	0.15	-2.845	2.9975	-0.403572063
2008	344	0.015	0.4825	-0.465	0.79109891
2008	345	0	0.075	-0.075	0.199867582
2008	346	0.01	-1.405	1.4125	0.069064191
2008	347	0.02	-1.62	1.64	0.027904723
2008	348	0.015	1.7475	-1.73	1.197461445
2008	349	0	2.36	-2.36	0.616345579
2008	350	0.055	1.03	-0.9775	0.300673395
2008	351	0.25	-8.2275	8.4775	0.363459023
2008	352	0.495	-0.7125	1.2125	0.397642309
2008	353	0.58	1.2075	-0.625	0.155917642
2008	354	0.77	1.3425	-0.5725	0.536468308
2008	355	1.345	2.025	-0.6825	0.18591522
2008	356	1.975	1.8425	0.125	0.351250706
2008	357	2.035	1.905	0.1275	0.20405329
2008	358	1.93	1.77	0.155	0.328926928
2008	359	1.52	-0.0525	1.5675	0.264397255
2008	360	1.68	1.8525	-0.1675	0.687851433
2008	361	1.42	1.365	0.0575	0.870976181
2008	362	1.155	1.115	0.035	0.329624546
2008	363	0.885	0.7425	0.135	0.197774727
2008	364	0.61	0.4275	0.185	0.075342753
2008	365	0.375	-0.305	0.68	1.278733952
2008	366	0.375	0.305	0.07	0.091736778
2009	1	NA	NA	NA	NA
2009	2	NA	NA	NA	NA
2009	3	NA	NA	NA	NA
2009	4	NA	NA	NA	NA
2009	5	NA	NA	NA	NA
2009	6	NA	NA	NA	NA
2009	7	NA	NA	NA	NA
2009	8	NA	NA	NA	NA
2009	9	NA	NA	NA	NA
2009	10	NA	NA	NA	NA
2009	11	NA	NA	NA	NA
2009	12	NA	NA	NA	NA
2009	13	NA	NA	NA	NA
2009	14	NA	NA	NA	NA
2009	15	NA	NA	NA	NA
2009	16	NA	NA	NA	NA
2009	17	NA	NA	NA	NA
2009	18	NA	NA	NA	NA
2009	19	NA	NA	NA	NA
2009	20	NA	NA	NA	NA
2009	21	NA	NA	NA	NA
2009	22	NA	NA	NA	NA
2009	23	NA	NA	NA	NA
2009	24	NA	NA	NA	NA
2009	25	NA	NA	NA	NA
2009	26	NA	NA	NA	NA
2009	27	NA	NA	NA	NA
2009	28	NA	NA	NA	NA
2009	29	NA	NA	NA	NA
2009	30	NA	NA	NA	NA
2009	31	NA	NA	NA	NA
2009	32	NA	NA	NA	NA
2009	33	NA	NA	NA	NA
2009	34	NA	NA	NA	NA
2009	35	NA	NA	NA	NA
2009	36	NA	NA	NA	NA
2009	37	NA	NA	NA	NA
2009	38	NA	NA	NA	NA
2009	39	NA	NA	NA	NA
2009	40	NA	NA	NA	NA
2009	41	NA	NA	NA	NA
2009	42	NA	NA	NA	NA
2009	43	NA	NA	NA	NA
2009	44	NA	NA	NA	NA
2009	45	NA	NA	NA	NA
2009	46	NA	NA	NA	NA
2009	47	NA	NA	NA	NA
2009	48	NA	NA	NA	NA
2009	49	NA	NA	NA	NA
2009	50	NA	NA	NA	NA
2009	51	NA	NA	NA	NA
2009	52	NA	NA	NA	NA
2009	53	NA	NA	NA	NA
2009	54	NA	NA	NA	NA
2009	55	NA	NA	NA	NA
2009	56	NA	NA	NA	NA
2009	57	NA	NA	NA	NA
2009	58	NA	NA	NA	NA
2009	59	NA	NA	NA	NA
2009	60	NA	NA	NA	NA
2009	61	NA	NA	NA	NA
2009	62	NA	NA	NA	NA
2009	63	NA	NA	NA	NA
2009	64	NA	NA	NA	NA
2009	65	NA	NA	NA	NA
2009	66	NA	NA	NA	NA
2009	67	NA	NA	NA	NA
2009	68	NA	NA	NA	NA
2009	69	NA	NA	NA	NA
2009	70	NA	NA	NA	NA
2009	71	NA	NA	NA	NA
2009	72	NA	NA	NA	NA
2009	73	NA	NA	NA	NA
2009	74	NA	NA	NA	NA
2009	75	NA	NA	NA	NA
2009	76	NA	NA	NA	NA
2009	77	NA	NA	NA	NA
2009	78	NA	NA	NA	NA
2009	79	NA	NA	NA	NA
2009	80	NA	NA	NA	NA
2009	81	NA	NA	NA	NA
2009	82	NA	NA	NA	NA
2009	83	NA	NA	NA	NA
2009	84	NA	NA	NA	NA
2009	85	NA	NA	NA	NA
2009	86	NA	NA	NA	NA
2009	87	NA	NA	NA	NA
2009	88	NA	NA	NA	NA
2009	89	NA	NA	NA	NA
2009	90	NA	NA	NA	NA
2009	91	NA	NA	NA	NA
2009	92	NA	NA	NA	NA
2009	93	NA	NA	NA	NA
2009	94	NA	NA	NA	NA
2009	95	NA	NA	NA	NA
2009	96	NA	NA	NA	NA
2009	97	NA	NA	NA	NA
2009	98	NA	NA	NA	NA
2009	99	NA	NA	NA	NA
2009	100	NA	NA	NA	NA
2009	101	NA	NA	NA	NA
2009	102	NA	NA	NA	NA
2009	103	NA	NA	NA	NA
2009	104	NA	NA	NA	NA
2009	105	NA	NA	NA	NA
2009	106	NA	NA	NA	NA
2009	107	NA	NA	NA	NA
2009	108	NA	NA	NA	NA
2009	109	NA	NA	NA	NA
2009	110	NA	NA	NA	NA
2009	111	NA	NA	NA	NA
2009	112	NA	NA	NA	NA
2009	113	NA	NA	NA	NA
2009	114	NA	NA	NA	NA
2009	115	NA	NA	NA	NA
2009	116	NA	NA	NA	NA
2009	117	NA	NA	NA	NA
2009	118	NA	NA	NA	NA
2009	119	NA	NA	NA	NA
2009	120	NA	NA	NA	NA
2009	121	NA	NA	NA	NA
2009	122	NA	NA	NA	NA
2009	123	NA	NA	NA	NA
2009	124	NA	NA	NA	NA
2009	125	NA	NA	NA	NA
2009	126	NA	NA	NA	NA
2009	127	NA	NA	NA	NA
2009	128	NA	NA	NA	NA
2009	129	NA	NA	NA	NA
2009	130	NA	NA	NA	NA
2009	131	NA	NA	NA	NA
2009	132	NA	NA	NA	NA
2009	133	NA	NA	NA	NA
2009	134	NA	NA	NA	NA
2009	135	NA	NA	NA	NA
2009	136	NA	NA	NA	NA
2009	137	NA	NA	NA	NA
2009	138	NA	NA	NA	NA
2009	139	NA	NA	NA	NA
2009	140	NA	NA	NA	NA
2009	141	NA	NA	NA	NA
2009	142	NA	NA	NA	NA
2009	143	NA	NA	NA	NA
2009	144	NA	NA	NA	NA
2009	145	NA	NA	NA	NA
2009	146	NA	NA	NA	NA
2009	147	NA	NA	NA	NA
2009	148	NA	NA	NA	NA
2009	149	NA	NA	NA	NA
2009	150	NA	NA	NA	NA
2009	151	NA	NA	NA	NA
2009	152	NA	NA	NA	NA
2009	153	NA	NA	NA	NA
2009	154	NA	NA	NA	NA
2009	155	NA	NA	NA	NA
2009	156	NA	NA	NA	NA
2009	157	NA	NA	NA	NA
2009	158	NA	NA	NA	NA
2009	159	NA	NA	NA	NA
2009	160	NA	NA	NA	NA
2009	161	NA	NA	NA	NA
2009	162	NA	NA	NA	NA
2009	163	NA	NA	NA	NA
2009	164	NA	NA	NA	NA
2009	165	NA	NA	NA	NA
2009	166	NA	NA	NA	NA
2009	167	NA	NA	NA	NA
2009	168	NA	NA	NA	NA
2009	169	NA	NA	NA	NA
2009	170	NA	NA	NA	NA
2009	171	NA	NA	NA	NA
2009	172	NA	NA	NA	NA
2009	173	NA	NA	NA	NA
2009	174	NA	NA	NA	NA
2009	175	NA	NA	NA	NA
2009	176	NA	NA	NA	NA
2009	177	NA	NA	NA	NA
2009	178	NA	NA	NA	NA
2009	179	NA	NA	NA	NA
2009	180	NA	NA	NA	NA
2009	181	NA	NA	NA	NA
2009	182	NA	NA	NA	NA
2009	183	NA	NA	NA	NA
2009	184	NA	NA	NA	NA
2009	185	NA	NA	NA	NA
2009	186	NA	NA	NA	NA
2009	187	NA	NA	NA	NA
2009	188	NA	NA	NA	NA
2009	189	NA	NA	NA	NA
2009	190	NA	NA	NA	NA
2009	191	NA	NA	NA	NA
2009	192	NA	NA	NA	NA
2009	193	NA	NA	NA	NA
2009	194	NA	NA	NA	NA
2009	195	NA	NA	NA	NA
2009	196	NA	NA	NA	NA
2009	197	NA	NA	NA	NA
2009	198	NA	NA	NA	NA
2009	199	NA	NA	NA	NA
2009	200	NA	NA	NA	NA
2009	201	NA	NA	NA	NA
2009	202	NA	NA	NA	NA
2009	203	NA	NA	NA	NA
2009	204	NA	NA	NA	NA
2009	205	NA	NA	NA	NA
2009	206	NA	NA	NA	NA
2009	207	NA	NA	NA	NA
2009	208	NA	NA	NA	NA
2009	209	NA	NA	NA	NA
2009	210	NA	NA	NA	NA
2009	211	NA	NA	NA	NA
2009	212	NA	NA	NA	NA
2009	213	NA	NA	NA	NA
2009	214	NA	NA	NA	NA
2009	215	NA	NA	NA	NA
2009	216	NA	NA	NA	NA
2009	217	NA	NA	NA	NA
2009	218	NA	NA	NA	NA
2009	219	NA	NA	NA	NA
2009	220	NA	NA	NA	NA
2009	221	NA	NA	NA	NA
2009	222	NA	NA	NA	NA
2009	223	NA	NA	NA	NA
2009	224	NA	NA	NA	NA
2009	225	NA	NA	NA	NA
2009	226	NA	NA	NA	NA
2009	227	NA	NA	NA	NA
2009	228	NA	NA	NA	NA
2009	229	NA	NA	NA	NA
2009	230	NA	NA	NA	NA
2009	231	NA	NA	NA	NA
2009	232	NA	NA	NA	NA
2009	233	NA	NA	NA	NA
2009	234	NA	NA	NA	NA
2009	235	NA	NA	NA	NA
2009	236	NA	NA	NA	NA
2009	237	NA	NA	NA	NA
2009	238	NA	NA	NA	NA
2009	239	NA	NA	NA	NA
2009	240	NA	NA	NA	NA
2009	241	NA	NA	NA	NA
2009	242	NA	NA	NA	NA
2009	243	NA	NA	NA	NA
2009	244	NA	NA	NA	NA
2009	245	NA	NA	NA	NA
2009	246	NA	NA	NA	NA
2009	247	NA	NA	NA	NA
2009	248	NA	NA	NA	NA
2009	249	NA	NA	NA	NA
2009	250	NA	NA	NA	NA
2009	251	NA	NA	NA	NA
2009	252	NA	NA	NA	NA
2009	253	NA	NA	NA	NA
2009	254	NA	NA	NA	NA
2009	255	NA	NA	NA	NA
2009	256	NA	NA	NA	NA
2009	257	NA	NA	NA	NA
2009	258	NA	NA	NA	NA
2009	259	NA	NA	NA	NA
2009	260	NA	NA	NA	NA
2009	261	NA	NA	NA	NA
2009	262	NA	NA	NA	NA
2009	263	NA	NA	NA	NA
2009	264	NA	NA	NA	NA
2009	265	NA	NA	NA	NA
2009	266	NA	NA	NA	NA
2009	267	NA	NA	NA	NA
2009	268	NA	NA	NA	NA
2009	269	NA	NA	NA	NA
2009	270	NA	NA	NA	NA
2009	271	NA	NA	NA	NA
2009	272	NA	NA	NA	NA
2009	273	NA	NA	NA	NA
2009	274	NA	NA	NA	NA
2009	275	NA	NA	NA	NA
2009	276	NA	NA	NA	NA
2009	277	NA	NA	NA	NA
2009	278	NA	NA	NA	NA
2009	279	NA	NA	NA	NA
2009	280	NA	NA	NA	NA
2009	281	NA	NA	NA	NA
2009	282	NA	NA	NA	NA
2009	283	NA	NA	NA	NA
2009	284	NA	NA	NA	NA
2009	285	NA	NA	NA	NA
2009	286	NA	NA	NA	NA
2009	287	NA	NA	NA	NA
2009	288	NA	NA	NA	NA
2009	289	NA	NA	NA	NA
2009	290	NA	NA	NA	NA
2009	291	NA	NA	NA	NA
2009	292	NA	NA	NA	NA
2009	293	NA	NA	NA	NA
2009	294	NA	NA	NA	NA
2009	295	NA	NA	NA	NA
2009	296	NA	NA	NA	NA
2009	297	NA	NA	NA	NA
2009	298	NA	NA	NA	NA
2009	299	NA	NA	NA	NA
2009	300	NA	NA	NA	NA
2009	301	NA	NA	NA	NA
2009	302	NA	NA	NA	NA
2009	303	NA	NA	NA	NA
2009	304	NA	NA	NA	NA
2009	305	NA	NA	NA	NA
2009	306	NA	NA	NA	NA
2009	307	NA	NA	NA	NA
2009	308	NA	NA	NA	NA
2009	309	NA	NA	NA	NA
2009	310	NA	NA	NA	NA
2009	311	NA	NA	NA	NA
2009	312	NA	NA	NA	NA
2009	313	NA	NA	NA	NA
2009	314	NA	NA	NA	NA
2009	315	NA	NA	NA	NA
2009	316	NA	NA	NA	NA
2009	317	NA	NA	NA	NA
2009	318	NA	NA	NA	NA
2009	319	NA	NA	NA	NA
2009	320	NA	NA	NA	NA
2009	321	NA	NA	NA	NA
2009	322	NA	NA	NA	NA
2009	323	NA	NA	NA	NA
2009	324	NA	NA	NA	NA
2009	325	NA	NA	NA	NA
2009	326	NA	NA	NA	NA
2009	327	NA	NA	NA	NA
2009	328	NA	NA	NA	NA
2009	329	NA	NA	NA	NA
2009	330	NA	NA	NA	NA
2009	331	NA	NA	NA	NA
2009	332	NA	NA	NA	NA
2009	333	NA	NA	NA	NA
2009	334	NA	NA	NA	NA
2009	335	NA	NA	NA	NA
2009	336	NA	NA	NA	NA
2009	337	NA	NA	NA	NA
2009	338	NA	NA	NA	NA
2009	339	NA	NA	NA	NA
2009	340	NA	NA	NA	NA
2009	341	NA	NA	NA	NA
2009	342	NA	NA	NA	NA
2009	343	NA	NA	NA	NA
2009	344	NA	NA	NA	NA
2009	345	NA	NA	NA	NA
2009	346	NA	NA	NA	NA
2009	347	NA	NA	NA	NA
2009	348	NA	NA	NA	NA
2009	349	NA	NA	NA	NA
2009	350	NA	NA	NA	NA
2009	351	NA	NA	NA	NA
2009	352	NA	NA	NA	NA
2009	353	NA	NA	NA	NA
2009	354	NA	NA	NA	NA
2009	355	NA	NA	NA	NA
2009	356	NA	NA	NA	NA
2009	357	NA	NA	NA	NA
2009	358	NA	NA	NA	NA
2009	359	NA	NA	NA	NA
2009	360	NA	NA	NA	NA
2009	361	NA	NA	NA	NA
2009	362	NA	NA	NA	NA
2009	363	NA	NA	NA	NA
2009	364	NA	NA	NA	NA
2009	365	NA	NA	NA	NA
2010	1	NA	NA	NA	NA
2010	2	NA	NA	NA	NA
2010	3	NA	NA	NA	NA
2010	4	NA	NA	NA	NA
2010	5	NA	NA	NA	NA
2010	6	NA	NA	NA	NA
2010	7	NA	NA	NA	NA
2010	8	NA	NA	NA	NA
2010	9	NA	NA	NA	NA
2010	10	NA	NA	NA	NA
2010	11	NA	NA	NA	NA
2010	12	NA	NA	NA	NA
2010	13	NA	NA	NA	NA
2010	14	NA	NA	NA	NA
2010	15	NA	NA	NA	NA
2010	16	NA	NA	NA	NA
2010	17	NA	NA	NA	NA
2010	18	NA	NA	NA	NA
2010	19	NA	NA	NA	NA
2010	20	NA	NA	NA	NA
2010	21	NA	NA	NA	NA
2010	22	NA	NA	NA	NA
2010	23	NA	NA	NA	NA
2010	24	NA	NA	NA	NA
2010	25	NA	NA	NA	NA
2010	26	NA	NA	NA	NA
2010	27	NA	NA	NA	NA
2010	28	NA	NA	NA	NA
2010	29	NA	NA	NA	NA
2010	30	NA	NA	NA	NA
2010	31	NA	NA	NA	NA
2010	32	NA	NA	NA	NA
2010	33	NA	NA	NA	NA
2010	34	NA	NA	NA	NA
2010	35	NA	NA	NA	NA
2010	36	NA	NA	NA	NA
2010	37	NA	NA	NA	NA
2010	38	NA	NA	NA	NA
2010	39	NA	NA	NA	NA
2010	40	NA	NA	NA	NA
2010	41	NA	NA	NA	NA
2010	42	NA	NA	NA	NA
2010	43	NA	NA	NA	NA
2010	44	NA	NA	NA	NA
2010	45	NA	NA	NA	NA
2010	46	NA	NA	NA	NA
2010	47	NA	NA	NA	NA
2010	48	NA	NA	NA	NA
2010	49	NA	NA	NA	NA
2010	50	NA	NA	NA	NA
2010	51	NA	NA	NA	NA
2010	52	NA	NA	NA	NA
2010	53	NA	NA	NA	NA
2010	54	NA	NA	NA	NA
2010	55	NA	NA	NA	NA
2010	56	NA	NA	NA	NA
2010	57	NA	NA	NA	NA
2010	58	NA	NA	NA	NA
2010	59	NA	NA	NA	NA
2010	60	NA	NA	NA	NA
2010	61	NA	NA	NA	NA
2010	62	NA	NA	NA	NA
2010	63	NA	NA	NA	NA
2010	64	NA	NA	NA	NA
2010	65	NA	NA	NA	NA
2010	66	NA	NA	NA	NA
2010	67	NA	NA	NA	NA
2010	68	NA	NA	NA	NA
2010	69	NA	NA	NA	NA
2010	70	NA	NA	NA	NA
2010	71	NA	NA	NA	NA
2010	72	NA	NA	NA	NA
2010	73	NA	NA	NA	NA
2010	74	NA	NA	NA	NA
2010	75	NA	NA	NA	NA
2010	76	NA	NA	NA	NA
2010	77	NA	NA	NA	NA
2010	78	NA	NA	NA	NA
2010	79	NA	NA	NA	NA
2010	80	NA	NA	NA	NA
2010	81	NA	NA	NA	NA
2010	82	NA	NA	NA	NA
2010	83	NA	NA	NA	NA
2010	84	NA	NA	NA	NA
2010	85	NA	NA	NA	NA
2010	86	NA	NA	NA	NA
2010	87	NA	NA	NA	NA
2010	88	NA	NA	NA	NA
2010	89	NA	NA	NA	NA
2010	90	NA	NA	NA	NA
2010	91	NA	NA	NA	NA
2010	92	NA	NA	NA	NA
2010	93	NA	NA	NA	NA
2010	94	NA	NA	NA	NA
2010	95	NA	NA	NA	NA
2010	96	NA	NA	NA	NA
2010	97	NA	NA	NA	NA
2010	98	NA	NA	NA	NA
2010	99	NA	NA	NA	NA
2010	100	NA	NA	NA	NA
2010	101	NA	NA	NA	NA
2010	102	NA	NA	NA	NA
2010	103	NA	NA	NA	NA
2010	104	NA	NA	NA	NA
2010	105	NA	NA	NA	NA
2010	106	NA	NA	NA	NA
2010	107	NA	NA	NA	NA
2010	108	NA	NA	NA	NA
2010	109	NA	NA	NA	NA
2010	110	NA	NA	NA	NA
2010	111	NA	NA	NA	NA
2010	112	NA	NA	NA	NA
2010	113	NA	NA	NA	NA
2010	114	NA	NA	NA	NA
2010	115	NA	NA	NA	NA
2010	116	NA	NA	NA	NA
2010	117	NA	NA	NA	NA
2010	118	NA	NA	NA	NA
2010	119	NA	NA	NA	NA
2010	120	NA	NA	NA	NA
2010	121	NA	NA	NA	NA
2010	122	NA	NA	NA	NA
2010	123	NA	NA	NA	NA
2010	124	NA	NA	NA	NA
2010	125	NA	NA	NA	NA
2010	126	NA	NA	NA	NA
2010	127	NA	NA	NA	NA
2010	128	NA	NA	NA	NA
2010	129	NA	NA	NA	NA
2010	130	NA	NA	NA	NA
2010	131	NA	NA	NA	NA
2010	132	NA	NA	NA	NA
2010	133	NA	NA	NA	NA
2010	134	NA	NA	NA	NA
2010	135	NA	NA	NA	NA
2010	136	NA	NA	NA	NA
2010	137	NA	NA	NA	NA
2010	138	NA	NA	NA	NA
2010	139	NA	NA	NA	NA
2010	140	NA	NA	NA	NA
2010	141	NA	NA	NA	NA
2010	142	NA	NA	NA	NA
2010	143	NA	NA	NA	NA
2010	144	NA	NA	NA	NA
2010	145	NA	NA	NA	NA
2010	146	NA	NA	NA	NA
2010	147	NA	NA	NA	NA
2010	148	NA	NA	NA	NA
2010	149	NA	NA	NA	NA
2010	150	NA	NA	NA	NA
2010	151	NA	NA	NA	NA
2010	152	NA	NA	NA	NA
2010	153	NA	NA	NA	NA
2010	154	NA	NA	NA	NA
2010	155	NA	NA	NA	NA
2010	156	NA	NA	NA	NA
2010	157	NA	NA	NA	NA
2010	158	NA	NA	NA	NA
2010	159	NA	NA	NA	NA
2010	160	NA	NA	NA	NA
2010	161	NA	NA	NA	NA
2010	162	NA	NA	NA	NA
2010	163	NA	NA	NA	NA
2010	164	NA	NA	NA	NA
2010	165	NA	NA	NA	NA
2010	166	NA	NA	NA	NA
2010	167	NA	NA	NA	NA
2010	168	NA	NA	NA	NA
2010	169	NA	NA	NA	NA
2010	170	NA	NA	NA	NA
2010	171	NA	NA	NA	NA
2010	172	NA	NA	NA	NA
2010	173	NA	NA	NA	NA
2010	174	NA	NA	NA	NA
2010	175	NA	NA	NA	NA
2010	176	NA	NA	NA	NA
2010	177	NA	NA	NA	NA
2010	178	NA	NA	NA	NA
2010	179	NA	NA	NA	NA
2010	180	NA	NA	NA	NA
2010	181	NA	NA	NA	NA
2010	182	NA	NA	NA	NA
2010	183	NA	NA	NA	NA
2010	184	NA	NA	NA	NA
2010	185	NA	NA	NA	NA
2010	186	NA	NA	NA	NA
2010	187	NA	NA	NA	NA
2010	188	NA	NA	NA	NA
2010	189	NA	NA	NA	NA
2010	190	NA	NA	NA	NA
2010	191	NA	NA	NA	NA
2010	192	NA	NA	NA	NA
2010	193	NA	NA	NA	NA
2010	194	NA	NA	NA	NA
2010	195	NA	NA	NA	NA
2010	196	NA	NA	NA	NA
2010	197	NA	NA	NA	NA
2010	198	NA	NA	NA	NA
2010	199	NA	NA	NA	NA
2010	200	NA	NA	NA	NA
2010	201	NA	NA	NA	NA
2010	202	NA	NA	NA	NA
2010	203	NA	NA	NA	NA
2010	204	NA	NA	NA	NA
2010	205	NA	NA	NA	NA
2010	206	NA	NA	NA	NA
2010	207	NA	NA	NA	NA
2010	208	NA	NA	NA	NA
2010	209	NA	NA	NA	NA
2010	210	NA	NA	NA	NA
2010	211	NA	NA	NA	NA
2010	212	NA	NA	NA	NA
2010	213	NA	NA	NA	NA
2010	214	NA	NA	NA	NA
2010	215	NA	NA	NA	NA
2010	216	NA	NA	NA	NA
2010	217	NA	NA	NA	NA
2010	218	NA	NA	NA	NA
2010	219	NA	NA	NA	NA
2010	220	NA	NA	NA	NA
2010	221	NA	NA	NA	NA
2010	222	NA	NA	NA	NA
2010	223	NA	NA	NA	NA
2010	224	NA	NA	NA	NA
2010	225	NA	NA	NA	NA
2010	226	NA	NA	NA	NA
2010	227	NA	NA	NA	NA
2010	228	NA	NA	NA	NA
2010	229	NA	NA	NA	NA
2010	230	NA	NA	NA	NA
2010	231	NA	NA	NA	NA
2010	232	NA	NA	NA	NA
2010	233	NA	NA	NA	NA
2010	234	NA	NA	NA	NA
2010	235	NA	NA	NA	NA
2010	236	NA	NA	NA	NA
2010	237	NA	NA	NA	NA
2010	238	NA	NA	NA	NA
2010	239	NA	NA	NA	NA
2010	240	NA	NA	NA	NA
2010	241	NA	NA	NA	NA
2010	242	NA	NA	NA	NA
2010	243	NA	NA	NA	NA
2010	244	NA	NA	NA	NA
2010	245	NA	NA	NA	NA
2010	246	NA	NA	NA	NA
2010	247	NA	NA	NA	NA
2010	248	NA	NA	NA	NA
2010	249	NA	NA	NA	NA
2010	250	NA	NA	NA	NA
2010	251	NA	NA	NA	NA
2010	252	NA	NA	NA	NA
2010	253	NA	NA	NA	NA
2010	254	NA	NA	NA	NA
2010	255	NA	NA	NA	NA
2010	256	NA	NA	NA	NA
2010	257	NA	NA	NA	NA
2010	258	NA	NA	NA	NA
2010	259	NA	NA	NA	NA
2010	260	NA	NA	NA	NA
2010	261	NA	NA	NA	NA
2010	262	NA	NA	NA	NA
2010	263	NA	NA	NA	NA
2010	264	NA	NA	NA	NA
2010	265	NA	NA	NA	NA
2010	266	NA	NA	NA	NA
2010	267	NA	NA	NA	NA
2010	268	NA	NA	NA	NA
2010	269	NA	NA	NA	NA
2010	270	NA	NA	NA	NA
2010	271	NA	NA	NA	NA
2010	272	NA	NA	NA	NA
2010	273	NA	NA	NA	NA
2010	274	NA	NA	NA	NA
2010	275	NA	NA	NA	NA
2010	276	NA	NA	NA	NA
2010	277	NA	NA	NA	NA
2010	278	NA	NA	NA	NA
2010	279	NA	NA	NA	NA
2010	280	NA	NA	NA	NA
2010	281	NA	NA	NA	NA
2010	282	NA	NA	NA	NA
2010	283	NA	NA	NA	NA
2010	284	NA	NA	NA	NA
2010	285	NA	NA	NA	NA
2010	286	NA	NA	NA	NA
2010	287	NA	NA	NA	NA
2010	288	NA	NA	NA	NA
2010	289	NA	NA	NA	NA
2010	290	NA	NA	NA	NA
2010	291	NA	NA	NA	NA
2010	292	NA	NA	NA	NA
2010	293	NA	NA	NA	NA
2010	294	NA	NA	NA	NA
2010	295	NA	NA	NA	NA
2010	296	NA	NA	NA	NA
2010	297	NA	NA	NA	NA
2010	298	NA	NA	NA	NA
2010	299	NA	NA	NA	NA
2010	300	NA	NA	NA	NA
2010	301	NA	NA	NA	NA
2010	302	NA	NA	NA	NA
2010	303	NA	NA	NA	NA
2010	304	NA	NA	NA	NA
2010	305	NA	NA	NA	NA
2010	306	NA	NA	NA	NA
2010	307	NA	NA	NA	NA
2010	308	NA	NA	NA	NA
2010	309	NA	NA	NA	NA
2010	310	NA	NA	NA	NA
2010	311	NA	NA	NA	NA
2010	312	NA	NA	NA	NA
2010	313	NA	NA	NA	NA
2010	314	NA	NA	NA	NA
2010	315	NA	NA	NA	NA
2010	316	NA	NA	NA	NA
2010	317	NA	NA	NA	NA
2010	318	NA	NA	NA	NA
2010	319	NA	NA	NA	NA
2010	320	NA	NA	NA	NA
2010	321	NA	NA	NA	NA
2010	322	NA	NA	NA	NA
2010	323	NA	NA	NA	NA
2010	324	NA	NA	NA	NA
2010	325	NA	NA	NA	NA
2010	326	NA	NA	NA	NA
2010	327	NA	NA	NA	NA
2010	328	NA	NA	NA	NA
2010	329	NA	NA	NA	NA
2010	330	NA	NA	NA	NA
2010	331	NA	NA	NA	NA
2010	332	NA	NA	NA	NA
2010	333	NA	NA	NA	NA
2010	334	NA	NA	NA	NA
2010	335	NA	NA	NA	NA
2010	336	NA	NA	NA	NA
2010	337	NA	NA	NA	NA
2010	338	NA	NA	NA	NA
2010	339	NA	NA	NA	NA
2010	340	NA	NA	NA	NA
2010	341	NA	NA	NA	NA
2010	342	NA	NA	NA	NA
2010	343	NA	NA	NA	NA
2010	344	NA	NA	NA	NA
2010	345	NA	NA	NA	NA
2010	346	NA	NA	NA	NA
2010	347	NA	NA	NA	NA
2010	348	NA	NA	NA	NA
2010	349	NA	NA	NA	NA
2010	350	NA	NA	NA	NA
2010	351	NA	NA	NA	NA
2010	352	NA	NA	NA	NA
2010	353	NA	NA	NA	NA
2010	354	NA	NA	NA	NA
2010	355	NA	NA	NA	NA
2010	356	NA	NA	NA	NA
2010	357	NA	NA	NA	NA
2010	358	NA	NA	NA	NA
2010	359	NA	NA	NA	NA
2010	360	NA	NA	NA	NA
2010	361	NA	NA	NA	NA
2010	362	NA	NA	NA	NA
2010	363	NA	NA	NA	NA
2010	364	NA	NA	NA	NA
2010	365	NA	NA	NA	NA
